0 0.175 0.54248046875 0.065625 0.2470703125
0 0.22421875 0.54150390625 0.0625 0.2548828125
0 0.496484375 0.31494140625 0.06015625 0.2138671875
0 0.558203125 0.33642578125 0.07421875 0.2373046875
0 0.623046875 0.3388671875 0.06953125 0.248046875
0 0.8625 0.68505859375 0.0828125 0.1904296875
0 0.801171875 0.8603515625 0.09765625 0.1953125
0 0.52890625 0.666015625 0.1015625 0.1953125
0 0.448828125 0.82763671875 0.08984375 0.2041015625
0 0.5171875 0.0927734375 0.071875 0.177734375
0 0.420703125 0.3076171875 0.03359375 0.171875
