0 0.105078125 0.6396484375 0.06640625 0.240234375
0 0.16015625 0.64794921875 0.071875 0.2509765625
0 0.294140625 0.90771484375 0.06640625 0.1845703125
0 0.43203125 0.87109375 0.1109375 0.240234375
0 0.546484375 0.65966796875 0.11171875 0.2138671875
0 0.662109375 0.72314453125 0.10078125 0.2470703125
0 0.83125 0.890625 0.0859375 0.197265625
0 0.700390625 0.2646484375 0.06015625 0.20703125
0 0.651171875 0.263671875 0.04453125 0.2265625
0 0.55625 0.2421875 0.0765625 0.220703125
0 0.49453125 0.25146484375 0.046875 0.2177734375
0 0.501171875 0.14990234375 0.05078125 0.1982421875
