0 0.066015625 0.70068359375 0.06640625 0.2353515625
0 0.118359375 0.68994140625 0.06015625 0.2431640625
0 0.3234375 0.85009765625 0.09375 0.2333984375
0 0.446484375 0.90576171875 0.05234375 0.1884765625
0 0.584765625 0.6103515625 0.10703125 0.220703125
0 0.759765625 0.65283203125 0.09765625 0.2314453125
0 0.84609375 0.94775390625 0.0796875 0.1044921875
0 0.740625 0.2412109375 0.0390625 0.212890625
0 0.69296875 0.2373046875 0.053125 0.23828125
0 0.578515625 0.197265625 0.05859375 0.22265625
0 0.523046875 0.19970703125 0.06171875 0.2177734375
