0 0.09453125 0.30517578125 0.0828125 0.1767578125
0 0.384375 0.40576171875 0.0984375 0.1787109375
0 0.448046875 0.5341796875 0.08828125 0.220703125
0 0.66953125 0.54833984375 0.0875 0.1787109375
0 0.459375 0.7890625 0.090625 0.220703125
0 0.531640625 0.82568359375 0.06484375 0.2412109375
0 0.591796875 0.84033203125 0.07109375 0.2568359375
0 0.671484375 0.857421875 0.07109375 0.2734375
0 0.7265625 0.904296875 0.06875 0.19140625
0 0.80546875 0.84326171875 0.1015625 0.2392578125
0 0.8375 0.955078125 0.10625 0.08984375
