0 0.047265625 0.751953125 0.07109375 0.33984375
0 0.105078125 0.6953125 0.07578125 0.263671875
0 0.17890625 0.72216796875 0.075 0.2822265625
0 0.283203125 0.82470703125 0.07421875 0.2763671875
0 0.34765625 0.85009765625 0.0359375 0.2998046875
0 0.539453125 0.85546875 0.08984375 0.2890625
0 0.661328125 0.9072265625 0.05390625 0.142578125
0 0.779296875 0.94384765625 0.11171875 0.1123046875
0 0.93828125 0.60546875 0.0921875 0.283203125
0 0.909765625 0.35546875 0.04609375 0.1796875
0 0.958984375 0.33984375 0.04453125 0.212890625
0 0.389453125 0.21484375 0.05859375 0.20703125
