0 0.03984375 0.716796875 0.078125 0.267578125
0 0.121875 0.68017578125 0.0734375 0.2685546875
0 0.192578125 0.7421875 0.06484375 0.296875
0 0.26875 0.83642578125 0.0625 0.2783203125
0 0.35390625 0.83984375 0.075 0.2890625
0 0.5359375 0.875 0.0984375 0.25
0 0.636328125 0.919921875 0.03671875 0.11328125
0 0.830078125 0.94921875 0.05703125 0.1015625
0 0.88671875 0.95849609375 0.0328125 0.0830078125
0 0.56640625 0.3115234375 0.096875 0.228515625
0 0.66953125 0.3037109375 0.0484375 0.203125
0 0.737109375 0.2958984375 0.05078125 0.24609375
