0 0.039453125 0.724609375 0.05546875 0.265625
0 0.091796875 0.7109375 0.05078125 0.3125
0 0.17421875 0.72802734375 0.090625 0.3037109375
0 0.279296875 0.83642578125 0.08515625 0.3017578125
0 0.352734375 0.84326171875 0.06640625 0.3134765625
0 0.508984375 0.8466796875 0.09140625 0.306640625
0 0.66484375 0.92626953125 0.0703125 0.1474609375
0 0.78984375 0.94921875 0.0703125 0.1015625
0 0.889453125 0.96484375 0.06796875 0.0703125
0 0.98125 0.59814453125 0.0375 0.2646484375
0 0.638671875 0.26318359375 0.04921875 0.1982421875
0 0.669140625 0.2744140625 0.05234375 0.283203125
