0 0.368359375 0.20068359375 0.05234375 0.2060546875
0 0.41484375 0.18017578125 0.0296875 0.1845703125
0 0.971875 0.58544921875 0.05625 0.2392578125
0 0.886328125 0.96630859375 0.06015625 0.0673828125
0 0.801171875 0.9521484375 0.07421875 0.095703125
0 0.663671875 0.89990234375 0.07734375 0.0908203125
0 0.54765625 0.86474609375 0.084375 0.2705078125
0 0.35234375 0.849609375 0.08125 0.30078125
0 0.2765625 0.83447265625 0.0625 0.3076171875
0 0.18125 0.73193359375 0.1046875 0.3076171875
0 0.08046875 0.69091796875 0.065625 0.3037109375
0 0.026953125 0.732421875 0.03828125 0.3125
