0 0.025 0.76025390625 0.040625 0.2822265625
0 0.087109375 0.7021484375 0.08046875 0.28515625
0 0.1765625 0.71142578125 0.0640625 0.2822265625
0 0.279296875 0.830078125 0.07109375 0.275390625
0 0.3578125 0.8427734375 0.0734375 0.28515625
0 0.54375 0.83349609375 0.0921875 0.2646484375
0 0.6265625 0.89990234375 0.05625 0.0927734375
0 0.793359375 0.939453125 0.12578125 0.12109375
0 0.936328125 0.6005859375 0.08671875 0.28515625
0 0.984375 0.3740234375 0.03125 0.189453125
0 0.5359375 0.259765625 0.06875 0.201171875
