1.0 0.7443154761904762 0.83296875 0.22309523809523807 0.178125
1.0 0.14526785714285714 0.7496484375 0.29336309523809523 0.170234375
1.0 0.2947619047619048 0.6454296875 0.14428571428571427 0.0767578125
1.0 0.4074702380952381 0.619609375 0.14428571428571427 0.0941796875
1.0 0.1612202380952381 0.6219921875 0.11461309523809524 0.0719921875
1.0 0.05952380952380952 0.6112890625 0.10485119047619047 0.0727734375
1.0 0.2698809523809524 0.6071484375 0.10660714285714286 0.0616796875
1.0 0.1417857142857143 0.57921875 0.12446428571428572 0.052265625
1.0 0.2545238095238095 0.7139453125 0.19226190476190474 0.1127734375
1.0 0.9322023809523811 0.6600390625 0.14425595238095237 0.1331640625
1.0 0.7289880952380953 0.606640625 0.14723214285714287 0.0778125
