1.0 0.7443154761904762 0.83296875 0.22309523809523807 0.178125
1.0 0.14526785714285714 0.7496484375 0.29336309523809523 0.170234375
1.0 0.2947619047619048 0.6454296875 0.14428571428571427 0.0767578125
1.0 0.4074702380952381 0.619609375 0.14428571428571427 0.0941796875
1.0 0.1612202380952381 0.6221484375 0.11461309523809524 0.07234375
1.0 0.05952380952380952 0.6112890625 0.10485119047619047 0.0727734375
1.0 0.2698809523809524 0.6071484375 0.10660714285714286 0.0616796875
1.0 0.1417857142857143 0.57921875 0.12446428571428572 0.052265625
1.0 0.41925595238095237 0.694609375 0.25702380952380954 0.1379296875
1.0 0.3782738095238095 0.586328125 0.11863095238095238 0.05609375
1.0 0.663125 0.60546875 0.17083333333333334 0.09078125
1.0 0.9286904761904763 0.620390625 0.1450595238095238 0.07796875
