1.0 0.7443154761904762 0.83296875 0.22309523809523807 0.178125
1.0 0.14526785714285714 0.7496484375 0.29336309523809523 0.170234375
1.0 0.2947619047619048 0.6454296875 0.14428571428571427 0.0767578125
1.0 0.4074702380952381 0.619609375 0.14428571428571427 0.0941796875
1.0 0.1612202380952381 0.6222265625 0.11461309523809524 0.0725390625
1.0 0.05952380952380952 0.6112890625 0.10485119047619047 0.0727734375
1.0 0.2698809523809524 0.6071484375 0.10660714285714286 0.0616796875
1.0 0.1417857142857143 0.57921875 0.12446428571428572 0.052265625
1.0 0.12116071428571429 0.70734375 0.24151785714285717 0.1379296875
1.0 0.7800297619047618 0.68796875 0.2513095238095238 0.1154296875
1.0 0.24083333333333334 0.572109375 0.09645833333333333 0.0509765625
1.0 0.4940773809523809 0.590703125 0.14785714285714285 0.0884375
1.0 0.7411309523809524 0.6090625 0.15223214285714284 0.068671875
