1.0 0.7443154761904762 0.83296875 0.22309523809523807 0.178125
1.0 0.14526785714285714 0.7496484375 0.29336309523809523 0.170234375
1.0 0.2947619047619048 0.6454296875 0.14428571428571427 0.0767578125
1.0 0.4074702380952381 0.619609375 0.14428571428571427 0.0941796875
1.0 0.1612202380952381 0.6222265625 0.11461309523809524 0.0725390625
1.0 0.05952380952380952 0.6112890625 0.10485119047619047 0.0727734375
1.0 0.2698809523809524 0.6071484375 0.10660714285714286 0.0616796875
1.0 0.1417857142857143 0.57921875 0.12446428571428572 0.052265625
1.0 0.1068154761904762 0.687109375 0.21017857142857144 0.094453125
1.0 0.7583035714285714 0.6894140625 0.2523511904761905 0.1151953125
1.0 0.2299404761904762 0.571328125 0.09461309523809523 0.0509765625
1.0 0.4824404761904762 0.5894140625 0.14651785714285714 0.087421875
1.0 0.7260416666666666 0.608125 0.1520238095238095 0.067890625
