1.0 0.7443154761904762 0.83296875 0.22309523809523807 0.178125
1.0 0.14526785714285714 0.7496484375 0.29336309523809523 0.170234375
1.0 0.2947619047619048 0.6454296875 0.14428571428571427 0.0767578125
1.0 0.4074702380952381 0.619609375 0.14428571428571427 0.0941796875
1.0 0.1612202380952381 0.622265625 0.11461309523809524 0.072578125
1.0 0.05952380952380952 0.6112890625 0.10485119047619047 0.0727734375
1.0 0.2698809523809524 0.6071484375 0.10660714285714286 0.0616796875
1.0 0.1417857142857143 0.57921875 0.12446428571428572 0.052265625
1.0 0.06229166666666667 0.679609375 0.12107142857142857 0.079453125
1.0 0.6918452380952381 0.6942578125 0.2586904761904762 0.113828125
1.0 0.204375 0.569140625 0.09136904761904761 0.0509765625
1.0 0.45053571428571426 0.588125 0.14142857142857143 0.081328125
1.0 0.6849702380952382 0.60609375 0.14860119047619047 0.0655859375
