1.0 0.7443154761904762 0.83296875 0.22309523809523807 0.178125
1.0 0.14526785714285714 0.7496484375 0.29336309523809523 0.170234375
1.0 0.2947619047619048 0.6454296875 0.14428571428571427 0.0767578125
1.0 0.4074702380952381 0.619609375 0.14428571428571427 0.0941796875
1.0 0.1612202380952381 0.622265625 0.11461309523809524 0.0726171875
1.0 0.05952380952380952 0.6112890625 0.10485119047619047 0.0727734375
1.0 0.2698809523809524 0.6071484375 0.10660714285714286 0.0616796875
1.0 0.1417857142857143 0.57921875 0.12446428571428572 0.052265625
1.0 0.6586309523809524 0.6966796875 0.26184523809523813 0.113125
1.0 0.19229166666666667 0.5680859375 0.0899702380952381 0.0509765625
1.0 0.4345833333333334 0.5874609375 0.13886904761904761 0.07828125
1.0 0.6648511904761905 0.60515625 0.14660714285714285 0.064453125
1.0 0.9161309523809523 0.621875 0.17250000000000001 0.1109375
