1.0 0.7443154761904762 0.83296875 0.22309523809523807 0.178125
1.0 0.14526785714285714 0.7496484375 0.29336309523809523 0.170234375
1.0 0.2947619047619048 0.6454296875 0.14428571428571427 0.0767578125
1.0 0.4074702380952381 0.619609375 0.14428571428571427 0.0941796875
1.0 0.1612202380952381 0.622265625 0.11461309523809524 0.072578125
1.0 0.05952380952380952 0.6112890625 0.10485119047619047 0.0727734375
1.0 0.2698809523809524 0.6071484375 0.10660714285714286 0.0616796875
1.0 0.1417857142857143 0.57921875 0.12446428571428572 0.052265625
1.0 0.07714285714285715 0.6858984375 0.1507738095238095 0.0920703125
1.0 0.7139880952380953 0.69265625 0.2565773809523809 0.114296875
1.0 0.21241071428571429 0.56984375 0.09229166666666667 0.0509765625
1.0 0.46116071428571426 0.5885546875 0.143125 0.083359375
1.0 0.6983928571428571 0.60671875 0.1499404761904762 0.066328125
