1.0 0.7443154761904762 0.83296875 0.22309523809523807 0.178125
1.0 0.14526785714285714 0.7496484375 0.29336309523809523 0.170234375
1.0 0.2947619047619048 0.6454296875 0.14428571428571427 0.0767578125
1.0 0.4074702380952381 0.619609375 0.14428571428571427 0.0941796875
1.0 0.1612202380952381 0.6223046875 0.11461309523809524 0.07265625
1.0 0.05952380952380952 0.6112890625 0.10485119047619047 0.0727734375
1.0 0.2698809523809524 0.6071484375 0.10660714285714286 0.0616796875
1.0 0.1417857142857143 0.57921875 0.12446428571428572 0.052265625
1.0 0.591577380952381 0.70078125 0.265 0.1124609375
1.0 0.10732142857142858 0.806796875 0.21752976190476192 0.184921875
1.0 0.1681845238095238 0.5659765625 0.08720238095238095 0.0509765625
1.0 0.4026488095238095 0.585 0.1337797619047619 0.074453125
1.0 0.6256845238095238 0.6031640625 0.1430357142857143 0.0626171875
1.0 0.868779761904762 0.617421875 0.1849107142857143 0.1098046875
