1.0 0.7443154761904762 0.83296875 0.22309523809523807 0.178125
1.0 0.14526785714285714 0.7496484375 0.29336309523809523 0.170234375
1.0 0.2947619047619048 0.6454296875 0.14428571428571427 0.0767578125
1.0 0.4074702380952381 0.619609375 0.14428571428571427 0.0941796875
1.0 0.1612202380952381 0.62234375 0.11461309523809524 0.0726953125
1.0 0.05952380952380952 0.6112890625 0.10485119047619047 0.0727734375
1.0 0.2698809523809524 0.6071484375 0.10660714285714286 0.0616796875
1.0 0.1417857142857143 0.57921875 0.12446428571428572 0.052265625
1.0 0.4798809523809524 0.7049609375 0.2686309523809524 0.11109375
1.0 0.15080357142857143 0.8090234375 0.29967261904761905 0.2019140625
1.0 0.12794642857142857 0.5624609375 0.08258928571428571 0.0509765625
1.0 0.3494642857142857 0.5799609375 0.12529761904761905 0.07
1.0 0.5641666666666667 0.599375 0.1386607142857143 0.0608984375
1.0 0.7899107142857144 0.609921875 0.20559523809523808 0.1079296875
