1.0 0.7443154761904762 0.83296875 0.22309523809523807 0.178125
1.0 0.14526785714285714 0.7496484375 0.29336309523809523 0.170234375
1.0 0.2947619047619048 0.6454296875 0.14428571428571427 0.0767578125
1.0 0.4074702380952381 0.619609375 0.14428571428571427 0.0941796875
1.0 0.1612202380952381 0.62234375 0.11461309523809524 0.072734375
1.0 0.05952380952380952 0.6112890625 0.10485119047619047 0.0727734375
1.0 0.2698809523809524 0.6071484375 0.10660714285714286 0.0616796875
1.0 0.1417857142857143 0.57921875 0.12446428571428572 0.052265625
1.0 0.41354166666666664 0.7066015625 0.2730059523809524 0.109453125
1.0 0.17309523809523808 0.803828125 0.3419345238095238 0.2048828125
1.0 0.10380952380952382 0.560390625 0.07982142857142857 0.0509765625
1.0 0.3175595238095238 0.576953125 0.12020833333333333 0.0673046875
1.0 0.5272619047619047 0.5971484375 0.13601190476190478 0.05984375
1.0 0.7392559523809523 0.60640625 0.1980059523809524 0.1039453125
