1.0 0.7443154761904762 0.83296875 0.22309523809523807 0.178125
1.0 0.14526785714285714 0.7496484375 0.29336309523809523 0.170234375
1.0 0.2947619047619048 0.6454296875 0.14428571428571427 0.0767578125
1.0 0.4074702380952381 0.619609375 0.14428571428571427 0.0941796875
1.0 0.1612202380952381 0.6223828125 0.11461309523809524 0.0728125
1.0 0.05952380952380952 0.6112890625 0.10485119047619047 0.0727734375
1.0 0.2698809523809524 0.6071484375 0.10660714285714286 0.0616796875
1.0 0.1417857142857143 0.57921875 0.12446428571428572 0.052265625
1.0 0.3107142857142857 0.7153515625 0.2638690476190476 0.109453125
1.0 0.9088988095238095 0.684375 0.1907738095238095 0.116953125
1.0 0.21967261904761906 0.7979296875 0.3724702380952381 0.20390625
1.0 0.06761904761904762 0.5572265625 0.0756547619047619 0.0509765625
1.0 0.2716071428571429 0.57765625 0.11764880952380953 0.0659765625
1.0 0.47261904761904766 0.5936328125 0.13169642857142858 0.0584765625
1.0 0.6633035714285714 0.601171875 0.18657738095238094 0.09796875
