1.0 0.7443154761904762 0.83296875 0.22309523809523807 0.178125
1.0 0.14526785714285714 0.7496484375 0.29336309523809523 0.170234375
1.0 0.2947619047619048 0.6454296875 0.14428571428571427 0.0767578125
1.0 0.4074702380952381 0.619609375 0.14428571428571427 0.0941796875
1.0 0.1612202380952381 0.622421875 0.11461309523809524 0.072890625
1.0 0.05952380952380952 0.6112890625 0.10485119047619047 0.0727734375
1.0 0.2698809523809524 0.6071484375 0.10660714285714286 0.0616796875
1.0 0.1417857142857143 0.57921875 0.12446428571428572 0.052265625
1.0 0.17833333333333334 0.7100390625 0.2467261904761905 0.0959375
1.0 0.8236309523809524 0.690859375 0.25702380952380954 0.119921875
1.0 0.2861607142857143 0.7883203125 0.36095238095238097 0.20390625
1.0 0.2223214285714286 0.5736328125 0.11267857142857143 0.0625
1.0 0.4126785714285714 0.588125 0.12279761904761904 0.0584765625
1.0 0.5831547619047619 0.595546875 0.17526785714285714 0.091328125
1.0 0.8281845238095238 0.6091015625 0.14946428571428572 0.0752734375
