1.0 0.7443154761904762 0.83296875 0.22309523809523807 0.178125
1.0 0.14526785714285714 0.7496484375 0.29336309523809523 0.170234375
1.0 0.2947619047619048 0.6454296875 0.14428571428571427 0.0767578125
1.0 0.4074702380952381 0.619609375 0.14428571428571427 0.0941796875
1.0 0.1612202380952381 0.6224609375 0.11461309523809524 0.07296875
1.0 0.05952380952380952 0.6112890625 0.10485119047619047 0.0727734375
1.0 0.2698809523809524 0.6071484375 0.10660714285714286 0.0616796875
1.0 0.1417857142857143 0.57921875 0.12446428571428572 0.052265625
1.0 0.0756547619047619 0.705859375 0.1455654761904762 0.0839453125
1.0 0.7131547619047619 0.6940234375 0.26127976190476193 0.1229296875
1.0 0.33919642857142857 0.7815234375 0.3527976190476191 0.2003125
1.0 0.17866071428571428 0.56828125 0.10714285714285714 0.0586328125
1.0 0.3581845238095238 0.5831640625 0.11470238095238094 0.0584765625
1.0 0.5146130952380952 0.5907421875 0.16589285714285715 0.0855859375
1.0 0.7504464285714286 0.605546875 0.1500297619047619 0.06921875
1.0 0.8833035714285715 0.6308984375 0.15967261904761904 0.08546875
