1.0 0.7443154761904762 0.83296875 0.22309523809523807 0.178125
1.0 0.14526785714285714 0.7496484375 0.29336309523809523 0.170234375
1.0 0.2947619047619048 0.6454296875 0.14428571428571427 0.0767578125
1.0 0.4074702380952381 0.619609375 0.14428571428571427 0.0941796875
1.0 0.1612202380952381 0.6224609375 0.11461309523809524 0.07296875
1.0 0.05952380952380952 0.6112890625 0.10485119047619047 0.0727734375
1.0 0.2698809523809524 0.6071484375 0.10660714285714286 0.0616796875
1.0 0.1417857142857143 0.57921875 0.12446428571428572 0.052265625
1.0 0.07208333333333333 0.705078125 0.13839285714285715 0.0824609375
1.0 0.7022619047619048 0.6944140625 0.26148809523809524 0.1229296875
1.0 0.34452380952380957 0.780859375 0.3519940476190476 0.1999609375
1.0 0.1742857142857143 0.5677734375 0.10660714285714286 0.0582421875
1.0 0.35273809523809524 0.58265625 0.11389880952380953 0.0584765625
1.0 0.5077678571428572 0.5902734375 0.1649702380952381 0.085
1.0 0.7428869047619048 0.6054296875 0.14964285714285713 0.068984375
1.0 0.8744642857142857 0.63015625 0.1612202380952381 0.08546875
