1.0 0.7443154761904762 0.83296875 0.22309523809523807 0.178125
1.0 0.14526785714285714 0.7496484375 0.29336309523809523 0.170234375
1.0 0.2947619047619048 0.6454296875 0.14428571428571427 0.0767578125
1.0 0.4074702380952381 0.619609375 0.14428571428571427 0.0941796875
1.0 0.1612202380952381 0.6224609375 0.11461309523809524 0.07296875
1.0 0.05952380952380952 0.6112890625 0.10485119047619047 0.0727734375
1.0 0.2698809523809524 0.6071484375 0.10660714285714286 0.0616796875
1.0 0.1417857142857143 0.57921875 0.12446428571428572 0.052265625
1.0 0.07925595238095237 0.7066015625 0.15273809523809523 0.08546875
1.0 0.724077380952381 0.69359375 0.26107142857142857 0.1229296875
1.0 0.3338988095238095 0.7822265625 0.3536309523809524 0.200703125
1.0 0.18300595238095238 0.568828125 0.10770833333333332 0.058984375
1.0 0.3636309523809524 0.5836328125 0.11550595238095239 0.0584765625
1.0 0.5214880952380953 0.59125 0.1668452380952381 0.0861328125
1.0 0.7580059523809524 0.6056640625 0.15041666666666667 0.069453125
1.0 0.8921428571428571 0.631640625 0.15812500000000002 0.08546875
