1.0 0.7443154761904762 0.83296875 0.22309523809523807 0.178125
1.0 0.14526785714285714 0.7496484375 0.29336309523809523 0.170234375
1.0 0.2947619047619048 0.6454296875 0.14428571428571427 0.0767578125
1.0 0.4074702380952381 0.619609375 0.14428571428571427 0.0941796875
1.0 0.1612202380952381 0.6224609375 0.11461309523809524 0.0729296875
1.0 0.05952380952380952 0.6112890625 0.10485119047619047 0.0727734375
1.0 0.2698809523809524 0.6071484375 0.10660714285714286 0.0616796875
1.0 0.1417857142857143 0.57921875 0.12446428571428572 0.052265625
1.0 0.10455357142857144 0.70734375 0.2033333333333333 0.086953125
1.0 0.7567857142857143 0.6923828125 0.2604464285714286 0.1229296875
1.0 0.31797619047619047 0.78421875 0.3560714285714286 0.2017578125
1.0 0.19610119047619048 0.5704296875 0.109375 0.06015625
1.0 0.3799702380952381 0.58515625 0.11794642857142858 0.0584765625
1.0 0.5420238095238096 0.5926953125 0.16964285714285715 0.087890625
1.0 0.7806547619047619 0.6060546875 0.15154761904761904 0.070234375
1.0 0.9186904761904762 0.63390625 0.15348214285714284 0.08546875
