1.0 0.7443154761904762 0.83296875 0.22309523809523807 0.178125
1.0 0.14526785714285714 0.7496484375 0.29336309523809523 0.170234375
1.0 0.2947619047619048 0.6454296875 0.14428571428571427 0.0767578125
1.0 0.4074702380952381 0.619609375 0.14428571428571427 0.0941796875
1.0 0.1612202380952381 0.6225 0.11461309523809524 0.073046875
1.0 0.05952380952380952 0.6112890625 0.10485119047619047 0.0727734375
1.0 0.2698809523809524 0.6071484375 0.10660714285714286 0.0616796875
1.0 0.1417857142857143 0.57921875 0.12446428571428572 0.052265625
1.0 0.5643154761904763 0.7001171875 0.2530654761904762 0.1109375
1.0 0.4155357142857143 0.7726953125 0.339375 0.1937109375
1.0 0.11973214285714284 0.5617578125 0.09967261904761905 0.0543359375
1.0 0.29101190476190475 0.578359375 0.10732142857142858 0.0584765625
1.0 0.4186904761904762 0.5840234375 0.15276785714285715 0.0775
1.0 0.646547619047619 0.60390625 0.1450595238095238 0.0659765625
1.0 0.7595535714285715 0.621171875 0.1688690476190476 0.0839453125
