1.0 0.7443154761904762 0.83296875 0.22309523809523807 0.178125
1.0 0.14526785714285714 0.7496484375 0.29336309523809523 0.170234375
1.0 0.2947619047619048 0.6454296875 0.14428571428571427 0.0767578125
1.0 0.4074702380952381 0.619609375 0.14428571428571427 0.0941796875
1.0 0.1612202380952381 0.6225 0.11461309523809524 0.0730859375
1.0 0.05952380952380952 0.6112890625 0.10485119047619047 0.0727734375
1.0 0.2698809523809524 0.6071484375 0.10660714285714286 0.0616796875
1.0 0.1417857142857143 0.57921875 0.12446428571428572 0.052265625
1.0 0.540327380952381 0.7006640625 0.25660714285714287 0.1109375
1.0 0.42752976190476194 0.771796875 0.3363988095238095 0.1919140625
1.0 0.11321428571428571 0.5615234375 0.09880952380952382 0.0547265625
1.0 0.2816369047619047 0.577734375 0.10636904761904763 0.0584765625
1.0 0.4049702380952381 0.583046875 0.15089285714285716 0.0763671875
1.0 0.6328571428571428 0.6033984375 0.13973214285714286 0.0659765625
1.0 0.7419345238095237 0.6199609375 0.16696428571428573 0.083359375
