1.0 0.7443154761904762 0.83296875 0.22309523809523807 0.178125
1.0 0.14526785714285714 0.7496484375 0.29336309523809523 0.170234375
1.0 0.2947619047619048 0.6454296875 0.14428571428571427 0.0767578125
1.0 0.4074702380952381 0.619609375 0.14428571428571427 0.0941796875
1.0 0.1612202380952381 0.6225390625 0.11461309523809524 0.073125
1.0 0.05952380952380952 0.6112890625 0.10485119047619047 0.0727734375
1.0 0.2698809523809524 0.6071484375 0.10660714285714286 0.0616796875
1.0 0.1417857142857143 0.57921875 0.12446428571428572 0.052265625
1.0 0.444375 0.7028515625 0.2707142857142857 0.1109375
1.0 0.47351190476190474 0.7674609375 0.32669642857142855 0.187421875
1.0 0.08711309523809524 0.5608203125 0.09538690476190476 0.0562109375
1.0 0.24610119047619047 0.5751171875 0.10223214285714285 0.057890625
1.0 0.3554464285714286 0.5797265625 0.14342261904761905 0.072890625
1.0 0.5780059523809524 0.60140625 0.11842261904761904 0.0659765625
1.0 0.6713988095238095 0.6151171875 0.1593452380952381 0.0809765625
