1.0 0.7443154761904762 0.83296875 0.22309523809523807 0.178125
1.0 0.14526785714285714 0.7496484375 0.29336309523809523 0.170234375
1.0 0.2947619047619048 0.6454296875 0.14428571428571427 0.0767578125
1.0 0.4074702380952381 0.619609375 0.14428571428571427 0.0941796875
1.0 0.1612202380952381 0.6226171875 0.11461309523809524 0.0732421875
1.0 0.05952380952380952 0.6112890625 0.10485119047619047 0.0727734375
1.0 0.2698809523809524 0.6071484375 0.10660714285714286 0.0616796875
1.0 0.1417857142857143 0.57921875 0.12446428571428572 0.052265625
1.0 0.26113095238095235 0.710546875 0.2501488095238095 0.1109375
1.0 0.5744047619047619 0.7553515625 0.3167857142857143 0.1858984375
1.0 0.17357142857142857 0.5688671875 0.0919642857142857 0.054375
1.0 0.26401785714285714 0.5741015625 0.12660714285714286 0.069453125
1.0 0.518422619047619 0.60390625 0.14324404761904763 0.0755078125
