1.0 0.7443154761904762 0.83296875 0.22309523809523807 0.178125
1.0 0.14526785714285714 0.7496484375 0.29336309523809523 0.170234375
1.0 0.2947619047619048 0.6454296875 0.14428571428571427 0.0767578125
1.0 0.4074702380952381 0.619609375 0.14428571428571427 0.0941796875
1.0 0.1612202380952381 0.6226171875 0.11461309523809524 0.07328125
1.0 0.05952380952380952 0.6112890625 0.10485119047619047 0.0727734375
1.0 0.2698809523809524 0.6071484375 0.10660714285714286 0.0616796875
1.0 0.1417857142857143 0.57921875 0.12446428571428572 0.052265625
1.0 0.18610119047619048 0.7091796875 0.24217261904761905 0.1043359375
1.0 0.6174999999999999 0.7509375 0.31589285714285714 0.184140625
1.0 0.14535714285714288 0.5664453125 0.08794642857142858 0.053046875
1.0 0.22845238095238096 0.5719140625 0.12008928571428572 0.068125
1.0 0.4700297619047619 0.598671875 0.13895833333333332 0.0732421875
