1.0 0.7443154761904762 0.83296875 0.22309523809523807 0.178125
1.0 0.14526785714285714 0.7496484375 0.29336309523809523 0.170234375
1.0 0.2947619047619048 0.6454296875 0.14428571428571427 0.0767578125
1.0 0.4074702380952381 0.619609375 0.14428571428571427 0.0941796875
1.0 0.1612202380952381 0.6226171875 0.11461309523809524 0.07328125
1.0 0.05952380952380952 0.6112890625 0.10485119047619047 0.0727734375
1.0 0.2698809523809524 0.6071484375 0.10660714285714286 0.0616796875
1.0 0.1417857142857143 0.57921875 0.12446428571428572 0.052265625
1.0 0.22904761904761903 0.7118359375 0.2467261904761905 0.1109375
1.0 0.5928571428571429 0.7534375 0.31639880952380955 0.18515625
1.0 0.16145833333333334 0.5678515625 0.09023809523809524 0.0537890625
1.0 0.24877976190476192 0.5731640625 0.12380952380952381 0.06890625
1.0 0.4976785714285714 0.601640625 0.1413988095238095 0.07453125
