1.0 0.7443154761904762 0.83296875 0.22309523809523807 0.178125
1.0 0.14526785714285714 0.7496484375 0.29336309523809523 0.170234375
1.0 0.2947619047619048 0.6454296875 0.14428571428571427 0.0767578125
1.0 0.4074702380952381 0.619609375 0.14428571428571427 0.0941796875
1.0 0.1612202380952381 0.62265625 0.11461309523809524 0.0733203125
1.0 0.05952380952380952 0.6112890625 0.10485119047619047 0.0727734375
1.0 0.2698809523809524 0.6071484375 0.10660714285714286 0.0616796875
1.0 0.1417857142857143 0.57921875 0.12446428571428572 0.052265625
1.0 0.12166666666666667 0.7051171875 0.23529761904761906 0.094453125
1.0 0.6545238095238095 0.74703125 0.31526785714285716 0.18171875
1.0 0.12116071428571429 0.564375 0.08452380952380951 0.051875
1.0 0.2005059523809524 0.5703125 0.11449404761904762 0.0669921875
1.0 0.4285416666666667 0.5941796875 0.13526785714285716 0.071328125
1.0 0.8539880952380953 0.62734375 0.15776785714285713 0.085625
