1.0 0.7443154761904762 0.83296875 0.22309523809523807 0.178125
1.0 0.14526785714285714 0.7496484375 0.29336309523809523 0.170234375
1.0 0.2947619047619048 0.6454296875 0.14428571428571427 0.0767578125
1.0 0.4074702380952381 0.619609375 0.14428571428571427 0.0941796875
1.0 0.1612202380952381 0.6226171875 0.11461309523809524 0.0733203125
1.0 0.05952380952380952 0.6112890625 0.10485119047619047 0.0727734375
1.0 0.2698809523809524 0.6071484375 0.10660714285714286 0.0616796875
1.0 0.1417857142857143 0.57921875 0.12446428571428572 0.052265625
1.0 0.15389880952380952 0.707109375 0.23875 0.0994140625
1.0 0.6359523809523809 0.7491015625 0.31553571428571425 0.1833984375
1.0 0.13327380952380952 0.565390625 0.08625000000000001 0.0524609375
1.0 0.21321428571428572 0.5709765625 0.11729166666666666 0.067578125
1.0 0.4493154761904762 0.59640625 0.13711309523809523 0.072265625
1.0 0.8833928571428571 0.6290234375 0.16044642857142857 0.08734375
