1.0 0.7443154761904762 0.83296875 0.22309523809523807 0.178125
1.0 0.14526785714285714 0.7496484375 0.29336309523809523 0.170234375
1.0 0.2947619047619048 0.6454296875 0.14428571428571427 0.0767578125
1.0 0.4074702380952381 0.619609375 0.14428571428571427 0.0941796875
1.0 0.1612202380952381 0.62265625 0.11461309523809524 0.0733203125
1.0 0.05952380952380952 0.6112890625 0.10485119047619047 0.0727734375
1.0 0.2698809523809524 0.6071484375 0.10660714285714286 0.0616796875
1.0 0.1417857142857143 0.57921875 0.12446428571428572 0.052265625
1.0 0.1324107142857143 0.70578125 0.23645833333333335 0.09609375
1.0 0.6482738095238095 0.7478125 0.31526785714285716 0.182890625
1.0 0.12520833333333334 0.5646875 0.08508928571428571 0.0520703125
1.0 0.20473214285714286 0.5705078125 0.11541666666666667 0.0671875
1.0 0.43544642857142857 0.594921875 0.13589285714285712 0.071640625
1.0 0.8638095238095238 0.627890625 0.1586607142857143 0.0862109375
