1.0 0.7443154761904762 0.83296875 0.22309523809523807 0.178125
1.0 0.14526785714285714 0.7496484375 0.29336309523809523 0.170234375
1.0 0.2947619047619048 0.6454296875 0.14428571428571427 0.0767578125
1.0 0.4074702380952381 0.619609375 0.14428571428571427 0.0941796875
1.0 0.1612202380952381 0.62265625 0.11461309523809524 0.073359375
1.0 0.05952380952380952 0.6112890625 0.10485119047619047 0.0727734375
1.0 0.2698809523809524 0.6071484375 0.10660714285714286 0.0616796875
1.0 0.1417857142857143 0.57921875 0.12446428571428572 0.052265625
1.0 0.6670238095238096 0.7454296875 0.31526785714285716 0.179296875
1.0 0.1130952380952381 0.563671875 0.08339285714285714 0.051484375
1.0 0.19205357142857143 0.56984375 0.11261904761904763 0.066640625
1.0 0.414702380952381 0.59265625 0.13404761904761905 0.0706640625
1.0 0.8343750000000001 0.62625 0.15601190476190477 0.08453125
