1.0 0.7443154761904762 0.83296875 0.22309523809523807 0.178125
1.0 0.14526785714285714 0.7496484375 0.29336309523809523 0.170234375
1.0 0.2947619047619048 0.6454296875 0.14428571428571427 0.0767578125
1.0 0.4074702380952381 0.619609375 0.14428571428571427 0.0941796875
1.0 0.1612202380952381 0.62265625 0.11461309523809524 0.0733203125
1.0 0.05952380952380952 0.6112890625 0.10485119047619047 0.0727734375
1.0 0.2698809523809524 0.6071484375 0.10660714285714286 0.0616796875
1.0 0.1417857142857143 0.57921875 0.12446428571428572 0.052265625
1.0 0.1431547619047619 0.7064453125 0.2375892857142857 0.097734375
1.0 0.6420833333333333 0.7484375 0.3153869047619048 0.1831640625
1.0 0.1292261904761905 0.565078125 0.08568452380952381 0.052265625
1.0 0.20898809523809522 0.57078125 0.11633928571428573 0.0673828125
1.0 0.4423809523809523 0.5956640625 0.13648809523809524 0.071953125
1.0 0.8735714285714286 0.6284765625 0.15955357142857143 0.0867578125
