1.0 0.7443154761904762 0.83296875 0.22309523809523807 0.178125
1.0 0.14526785714285714 0.7496484375 0.29336309523809523 0.170234375
1.0 0.2947619047619048 0.6454296875 0.14428571428571427 0.0767578125
1.0 0.4074702380952381 0.619609375 0.14428571428571427 0.0941796875
1.0 0.1612202380952381 0.6226953125 0.11461309523809524 0.0734375
1.0 0.05952380952380952 0.6112890625 0.10485119047619047 0.0727734375
1.0 0.2698809523809524 0.6071484375 0.10660714285714286 0.0616796875
1.0 0.1417857142857143 0.57921875 0.12446428571428572 0.052265625
1.0 0.7357142857142857 0.736640625 0.31526785714285716 0.1661328125
1.0 0.0687797619047619 0.55984375 0.07711309523809524 0.0493359375
1.0 0.14553571428571427 0.56734375 0.10235119047619048 0.06453125
1.0 0.3407440476190476 0.5846875 0.1269047619047619 0.0671875
1.0 0.7265178571428572 0.6201171875 0.1462797619047619 0.0783203125
1.0 0.8667857142857143 0.6114453125 0.13895833333333332 0.0842578125
