1.0 0.7443154761904762 0.83296875 0.22309523809523807 0.178125
1.0 0.14526785714285714 0.7496484375 0.29336309523809523 0.170234375
1.0 0.2947619047619048 0.6454296875 0.14428571428571427 0.0767578125
1.0 0.4074702380952381 0.619609375 0.14428571428571427 0.0941796875
1.0 0.1612202380952381 0.6226953125 0.11461309523809524 0.0733984375
1.0 0.05952380952380952 0.6112890625 0.10485119047619047 0.0727734375
1.0 0.2698809523809524 0.6071484375 0.10660714285714286 0.0616796875
1.0 0.1417857142857143 0.57921875 0.12446428571428572 0.052265625
1.0 0.7169642857142857 0.7390234375 0.31526785714285716 0.1697265625
1.0 0.08086309523809525 0.5608984375 0.07880952380952382 0.049921875
1.0 0.1582142857142857 0.5680078125 0.10514880952380952 0.0651171875
1.0 0.3594047619047619 0.5866796875 0.12916666666666665 0.068125
1.0 0.7559523809523809 0.6217578125 0.14892857142857144 0.0800390625
1.0 0.8904166666666666 0.6126953125 0.13961309523809523 0.085390625
