1.0 0.7443154761904762 0.83296875 0.22309523809523807 0.178125
1.0 0.14526785714285714 0.7496484375 0.29336309523809523 0.170234375
1.0 0.2947619047619048 0.6454296875 0.14428571428571427 0.0767578125
1.0 0.4074702380952381 0.619609375 0.14428571428571427 0.0941796875
1.0 0.1612202380952381 0.6226953125 0.11461309523809524 0.0733984375
1.0 0.05952380952380952 0.6112890625 0.10485119047619047 0.0727734375
1.0 0.2698809523809524 0.6071484375 0.10660714285714286 0.0616796875
1.0 0.1417857142857143 0.57921875 0.12446428571428572 0.052265625
1.0 0.7232142857142857 0.7382421875 0.31526785714285716 0.168515625
1.0 0.07684523809523809 0.560546875 0.07824404761904762 0.0497265625
1.0 0.15398809523809526 0.5678125 0.10422619047619049 0.064921875
1.0 0.35247023809523814 0.5859375 0.12854166666666667 0.0677734375
1.0 0.7461309523809524 0.6212109375 0.1480357142857143 0.079453125
1.0 0.8825297619047618 0.6123046875 0.13940476190476192 0.0850390625
