1.0 0.7443154761904762 0.83296875 0.22309523809523807 0.178125
1.0 0.14526785714285714 0.7496484375 0.29336309523809523 0.170234375
1.0 0.2947619047619048 0.6454296875 0.14428571428571427 0.0767578125
1.0 0.4074702380952381 0.619609375 0.14428571428571427 0.0941796875
1.0 0.1612202380952381 0.6228515625 0.11461309523809524 0.0737109375
1.0 0.05952380952380952 0.6112890625 0.10485119047619047 0.0727734375
1.0 0.2698809523809524 0.6071484375 0.10660714285714286 0.0616796875
1.0 0.1417857142857143 0.57921875 0.12446428571428572 0.052265625
1.0 0.9108928571428572 0.72234375 0.19437500000000002 0.1469140625
1.0 0.15154761904761904 0.56796875 0.09175595238095238 0.0555078125
1.0 0.4026190476190476 0.5935546875 0.11494047619047618 0.0613671875
1.0 0.5748511904761905 0.5951171875 0.11973214285714284 0.0724609375
1.0 0.7958928571428572 0.62265625 0.17327380952380952 0.081328125
