1.0 0.7443154761904762 0.83296875 0.22309523809523807 0.178125
1.0 0.14526785714285714 0.7496484375 0.29336309523809523 0.170234375
1.0 0.2947619047619048 0.6454296875 0.14428571428571427 0.0767578125
1.0 0.4074702380952381 0.619609375 0.14428571428571427 0.0941796875
1.0 0.1612202380952381 0.6228125 0.11461309523809524 0.073671875
1.0 0.05952380952380952 0.6112890625 0.10485119047619047 0.0727734375
1.0 0.2698809523809524 0.6071484375 0.10660714285714286 0.0616796875
1.0 0.1417857142857143 0.57921875 0.12446428571428572 0.052265625
1.0 0.902827380952381 0.72234375 0.21053571428571427 0.1469140625
1.0 0.16705357142857144 0.569140625 0.09366071428571428 0.0566015625
1.0 0.428452380952381 0.5958203125 0.11729166666666666 0.062265625
1.0 0.5991964285714286 0.596796875 0.12208333333333335 0.0734765625
1.0 0.8334226190476189 0.625625 0.16270833333333334 0.0828125
