1.0 0.7443154761904762 0.83296875 0.22309523809523807 0.178125
1.0 0.14526785714285714 0.7496484375 0.29336309523809523 0.170234375
1.0 0.2947619047619048 0.6454296875 0.14428571428571427 0.0767578125
1.0 0.4074702380952381 0.619609375 0.14428571428571427 0.0941796875
1.0 0.1612202380952381 0.6228515625 0.11461309523809524 0.0737109375
1.0 0.05952380952380952 0.6112890625 0.10485119047619047 0.0727734375
1.0 0.2698809523809524 0.6071484375 0.10660714285714286 0.0616796875
1.0 0.1417857142857143 0.57921875 0.12446428571428572 0.052265625
1.0 0.9149404761904762 0.72234375 0.18627976190476192 0.1469140625
1.0 0.1437797619047619 0.567421875 0.09077380952380952 0.054921875
1.0 0.3908035714285714 0.5926171875 0.11374999999999999 0.0608984375
1.0 0.5627083333333334 0.59421875 0.11854166666666666 0.071953125
1.0 0.7766666666666666 0.6211328125 0.17476190476190476 0.080703125
1.0 0.9123809523809524 0.6176171875 0.1625595238095238 0.0790234375
