1.0 0.7443154761904762 0.83296875 0.22309523809523807 0.178125
1.0 0.14526785714285714 0.7496484375 0.29336309523809523 0.170234375
1.0 0.2947619047619048 0.6454296875 0.14428571428571427 0.0767578125
1.0 0.4074702380952381 0.619609375 0.14428571428571427 0.0941796875
1.0 0.1612202380952381 0.622890625 0.11461309523809524 0.0738671875
1.0 0.05952380952380952 0.6112890625 0.10485119047619047 0.0727734375
1.0 0.2698809523809524 0.6071484375 0.10660714285714286 0.0616796875
1.0 0.1417857142857143 0.57921875 0.12446428571428572 0.052265625
1.0 0.9342261904761904 0.72234375 0.1476785714285714 0.1469140625
1.0 0.8975297619047619 0.6616015625 0.20607142857142854 0.1418359375
1.0 0.07011904761904761 0.5620703125 0.08169642857142857 0.0496484375
1.0 0.28294642857142854 0.58359375 0.1024702380952381 0.0565234375
1.0 0.45339285714285715 0.5860546875 0.10729166666666666 0.0672265625
1.0 0.6014880952380952 0.6096875 0.1530654761904762 0.074765625
1.0 0.7756547619047619 0.60765625 0.14735119047619047 0.07046875
