1.0 0.7443154761904762 0.83296875 0.22309523809523807 0.178125
1.0 0.14526785714285714 0.7496484375 0.29336309523809523 0.170234375
1.0 0.2947619047619048 0.6454296875 0.14428571428571427 0.0767578125
1.0 0.4074702380952381 0.619609375 0.14428571428571427 0.0941796875
1.0 0.1612202380952381 0.622890625 0.11461309523809524 0.0738671875
1.0 0.05952380952380952 0.6112890625 0.10485119047619047 0.0727734375
1.0 0.2698809523809524 0.6071484375 0.10660714285714286 0.0616796875
1.0 0.1417857142857143 0.57921875 0.12446428571428572 0.052265625
1.0 0.934047619047619 0.72234375 0.148125 0.1469140625
1.0 0.9039583333333334 0.660859375 0.19842261904761904 0.142109375
1.0 0.07398809523809524 0.5623828125 0.08217261904761905 0.049921875
1.0 0.28773809523809524 0.5841015625 0.1030654761904762 0.0567578125
1.0 0.45877976190476194 0.5865234375 0.10788690476190477 0.0674609375
1.0 0.6099404761904762 0.610078125 0.15419642857142857 0.07515625
1.0 0.7828273809523809 0.608203125 0.1481547619047619 0.0708984375
