1.0 0.7443154761904762 0.83296875 0.22309523809523807 0.178125
1.0 0.14526785714285714 0.7496484375 0.29336309523809523 0.170234375
1.0 0.2947619047619048 0.6454296875 0.14428571428571427 0.0767578125
1.0 0.4074702380952381 0.619609375 0.14428571428571427 0.0941796875
1.0 0.1612202380952381 0.622890625 0.11461309523809524 0.0738671875
1.0 0.05952380952380952 0.6112890625 0.10485119047619047 0.0727734375
1.0 0.2698809523809524 0.6071484375 0.10660714285714286 0.0616796875
1.0 0.1417857142857143 0.57921875 0.12446428571428572 0.052265625
1.0 0.9344642857142857 0.72234375 0.14726190476190476 0.1469140625
1.0 0.8910714285714285 0.6623828125 0.2137202380952381 0.1415234375
1.0 0.06625 0.5618359375 0.0812202380952381 0.049375
1.0 0.2781547619047619 0.583125 0.101875 0.0562890625
1.0 0.44803571428571426 0.585625 0.10669642857142858 0.066953125
1.0 0.5930952380952381 0.609296875 0.1519345238095238 0.074375
1.0 0.7695238095238095 0.60734375 0.1468452380952381 0.070390625
