1.0 0.7443154761904762 0.83296875 0.22309523809523807 0.178125
1.0 0.14526785714285714 0.7496484375 0.29336309523809523 0.170234375
1.0 0.2947619047619048 0.6454296875 0.14428571428571427 0.0767578125
1.0 0.4074702380952381 0.619609375 0.14428571428571427 0.0941796875
1.0 0.1612202380952381 0.6229296875 0.11461309523809524 0.07390625
1.0 0.05952380952380952 0.6112890625 0.10485119047619047 0.0727734375
1.0 0.2698809523809524 0.6071484375 0.10660714285714286 0.0616796875
1.0 0.1417857142857143 0.57921875 0.12446428571428572 0.052265625
1.0 0.9353571428571428 0.72234375 0.14547619047619048 0.1469140625
1.0 0.8652678571428571 0.6653515625 0.2443452380952381 0.1403125
1.0 0.05074404761904762 0.560703125 0.07928571428571429 0.0482421875
1.0 0.25895833333333335 0.5812890625 0.09952380952380951 0.0553515625
1.0 0.4264880952380953 0.58390625 0.10431547619047618 0.0659765625
1.0 0.5594642857142856 0.6076953125 0.14735119047619047 0.0727734375
1.0 0.7451190476190477 0.606015625 0.1448511904761905 0.07
