1.0 0.7443154761904762 0.83296875 0.22309523809523807 0.178125
1.0 0.14526785714285714 0.7496484375 0.29336309523809523 0.170234375
1.0 0.2947619047619048 0.6454296875 0.14428571428571427 0.0767578125
1.0 0.4074702380952381 0.619609375 0.14428571428571427 0.0941796875
1.0 0.1612202380952381 0.62296875 0.11461309523809524 0.0739453125
1.0 0.05952380952380952 0.6112890625 0.10485119047619047 0.0727734375
1.0 0.2698809523809524 0.6071484375 0.10660714285714286 0.0616796875
1.0 0.1417857142857143 0.57921875 0.12446428571428572 0.052265625
1.0 0.9373214285714285 0.72234375 0.14151785714285714 0.1469140625
1.0 0.7844940476190475 0.667265625 0.2701488095238095 0.1446875
1.0 0.21827380952380954 0.5775390625 0.09440476190476191 0.0537109375
1.0 0.37803571428571425 0.5800390625 0.09898809523809524 0.0637109375
1.0 0.49544642857142857 0.6033984375 0.14119047619047617 0.0700390625
1.0 0.6901785714285714 0.603046875 0.14035714285714285 0.069140625
