1.0 0.7443154761904762 0.83296875 0.22309523809523807 0.178125
1.0 0.14526785714285714 0.7496484375 0.29336309523809523 0.170234375
1.0 0.2947619047619048 0.6454296875 0.14428571428571427 0.0767578125
1.0 0.4074702380952381 0.619609375 0.14428571428571427 0.0941796875
1.0 0.1612202380952381 0.6229296875 0.11461309523809524 0.0739453125
1.0 0.05952380952380952 0.6112890625 0.10485119047619047 0.0727734375
1.0 0.2698809523809524 0.6071484375 0.10660714285714286 0.0616796875
1.0 0.1417857142857143 0.57921875 0.12446428571428572 0.052265625
1.0 0.936875 0.72234375 0.14238095238095239 0.1469140625
1.0 0.8049702380952382 0.6673828125 0.26919642857142856 0.1429296875
1.0 0.2262202380952381 0.578125 0.09544642857142857 0.05390625
1.0 0.3887797619047619 0.5808984375 0.10017857142857142 0.06421875
1.0 0.5089285714285714 0.6044140625 0.14229166666666668 0.0705859375
1.0 0.7023809523809523 0.60375 0.14136904761904762 0.0693359375
