1.0 0.7443154761904762 0.83296875 0.22309523809523807 0.178125
1.0 0.14526785714285714 0.7496484375 0.29336309523809523 0.170234375
1.0 0.2947619047619048 0.6454296875 0.14428571428571427 0.0767578125
1.0 0.4074702380952381 0.619609375 0.14428571428571427 0.0941796875
1.0 0.1612202380952381 0.62296875 0.11461309523809524 0.073984375
1.0 0.05952380952380952 0.6112890625 0.10485119047619047 0.0727734375
1.0 0.2698809523809524 0.6071484375 0.10660714285714286 0.0616796875
1.0 0.1417857142857143 0.57921875 0.12446428571428572 0.052265625
1.0 0.938422619047619 0.72234375 0.13931547619047618 0.1469140625
1.0 0.7333333333333334 0.666953125 0.27252976190476186 0.1490625
1.0 0.19842261904761904 0.576015625 0.0918154761904762 0.05328125
1.0 0.3511011904761905 0.577890625 0.09604166666666668 0.0624609375
1.0 0.4617559523809524 0.6008984375 0.13842261904761904 0.068671875
1.0 0.6613988095238095 0.6015625 0.1375595238095238 0.068125
