1.0 0.7443154761904762 0.83296875 0.22309523809523807 0.178125
1.0 0.14526785714285714 0.7496484375 0.29336309523809523 0.170234375
1.0 0.2947619047619048 0.6454296875 0.14428571428571427 0.0767578125
1.0 0.4074702380952381 0.619609375 0.14428571428571427 0.0941796875
1.0 0.1612202380952381 0.6230078125 0.11461309523809524 0.0740625
1.0 0.05952380952380952 0.6112890625 0.10485119047619047 0.0727734375
1.0 0.2698809523809524 0.6071484375 0.10660714285714286 0.0616796875
1.0 0.1417857142857143 0.57921875 0.12446428571428572 0.052265625
1.0 0.9404464285714286 0.72234375 0.13532738095238095 0.1469140625
1.0 0.6444047619047619 0.67484375 0.27809523809523806 0.155234375
1.0 0.16267857142857142 0.573359375 0.08714285714285715 0.0525390625
1.0 0.3076190476190476 0.575078125 0.09151785714285714 0.0602734375
1.0 0.40110119047619053 0.59640625 0.13345238095238096 0.06625
1.0 0.6117261904761905 0.598984375 0.13217261904761904 0.065546875
1.0 0.7866964285714285 0.6207421875 0.16342261904761904 0.086015625
