1.0 0.7443154761904762 0.83296875 0.22309523809523807 0.178125
1.0 0.14526785714285714 0.7496484375 0.29336309523809523 0.170234375
1.0 0.2947619047619048 0.6454296875 0.14428571428571427 0.0767578125
1.0 0.4074702380952381 0.619609375 0.14428571428571427 0.0941796875
1.0 0.1612202380952381 0.6230078125 0.11461309523809524 0.0741015625
1.0 0.05952380952380952 0.6112890625 0.10485119047619047 0.0727734375
1.0 0.2698809523809524 0.6071484375 0.10660714285714286 0.0616796875
1.0 0.1417857142857143 0.57921875 0.12446428571428572 0.052265625
1.0 0.9417559523809524 0.72234375 0.13267857142857142 0.1469140625
1.0 0.5831547619047619 0.675859375 0.2787202380952381 0.1537890625
1.0 0.13886904761904761 0.5716015625 0.08404761904761904 0.05203125
1.0 0.2812797619047619 0.5737109375 0.08892857142857143 0.0588671875
1.0 0.3606845238095238 0.5933984375 0.1301190476190476 0.064609375
1.0 0.5785714285714286 0.597265625 0.12860119047619048 0.063828125
1.0 0.7175595238095238 0.616796875 0.15955357142857143 0.08265625
