1.0 0.7443154761904762 0.83296875 0.22309523809523807 0.178125
1.0 0.14526785714285714 0.7496484375 0.29336309523809523 0.170234375
1.0 0.2947619047619048 0.6454296875 0.14428571428571427 0.0767578125
1.0 0.4074702380952381 0.619609375 0.14428571428571427 0.0941796875
1.0 0.1612202380952381 0.6230078125 0.11461309523809524 0.0740625
1.0 0.05952380952380952 0.6112890625 0.10485119047619047 0.0727734375
1.0 0.2698809523809524 0.6071484375 0.10660714285714286 0.0616796875
1.0 0.1417857142857143 0.57921875 0.12446428571428572 0.052265625
1.0 0.9413095238095237 0.72234375 0.1335714285714286 0.1469140625
1.0 0.6037202380952381 0.675859375 0.2787202380952381 0.1546484375
1.0 0.1468154761904762 0.5721875 0.08508928571428571 0.0521875
1.0 0.29005952380952377 0.574140625 0.08979166666666667 0.0593359375
1.0 0.37416666666666665 0.5944140625 0.1312202380952381 0.06515625
1.0 0.5896130952380952 0.5978125 0.12979166666666667 0.064375
1.0 0.7384226190476191 0.6178125 0.16083333333333333 0.08375
