1.0 0.7443154761904762 0.83296875 0.22309523809523807 0.178125
1.0 0.14526785714285714 0.7496484375 0.29336309523809523 0.170234375
1.0 0.2947619047619048 0.6454296875 0.14428571428571427 0.0767578125
1.0 0.4074702380952381 0.619609375 0.14428571428571427 0.0941796875
1.0 0.1612202380952381 0.623046875 0.11461309523809524 0.0741015625
1.0 0.05952380952380952 0.6112890625 0.10485119047619047 0.0727734375
1.0 0.2698809523809524 0.6071484375 0.10660714285714286 0.0616796875
1.0 0.1417857142857143 0.57921875 0.12446428571428572 0.052265625
1.0 0.9421726190476191 0.72234375 0.13181547619047618 0.1469140625
1.0 0.5625892857142857 0.675859375 0.2787202380952381 0.1529296875
1.0 0.13107142857142856 0.5707421875 0.08303571428571428 0.0518359375
1.0 0.2725 0.5732421875 0.0880654761904762 0.058359375
1.0 0.3486011904761905 0.592421875 0.12901785714285716 0.0640625
1.0 0.5675595238095238 0.59671875 0.12738095238095237 0.0632421875
1.0 0.6966666666666667 0.615703125 0.1582738095238095 0.0815234375
1.0 0.9127083333333333 0.61140625 0.17934523809523809 0.0989453125
