1.0 0.7443154761904762 0.83296875 0.22309523809523807 0.178125
1.0 0.14526785714285714 0.7496484375 0.29336309523809523 0.170234375
1.0 0.2947619047619048 0.6454296875 0.14428571428571427 0.0767578125
1.0 0.4074702380952381 0.619609375 0.14428571428571427 0.0941796875
1.0 0.1612202380952381 0.623046875 0.11461309523809524 0.074140625
1.0 0.05952380952380952 0.6112890625 0.10485119047619047 0.0727734375
1.0 0.2698809523809524 0.6071484375 0.10660714285714286 0.0616796875
1.0 0.1417857142857143 0.57921875 0.12446428571428572 0.052265625
1.0 0.9424107142857142 0.72234375 0.1313690476190476 0.1469140625
1.0 0.509702380952381 0.6799609375 0.2819940476190476 0.1529296875
1.0 0.11202380952380953 0.5678515625 0.08044642857142857 0.05140625
1.0 0.2505357142857143 0.5721484375 0.08589285714285715 0.0571875
1.0 0.32 0.5901171875 0.1261309523809524 0.062890625
1.0 0.5420833333333333 0.59515625 0.12380952380952381 0.06234375
1.0 0.6444940476190476 0.613125 0.1550595238095238 0.0787109375
1.0 0.875922619047619 0.6097265625 0.1799702380952381 0.095625
