1.0 0.7443154761904762 0.83296875 0.22309523809523807 0.178125
1.0 0.14526785714285714 0.7496484375 0.29336309523809523 0.170234375
1.0 0.2947619047619048 0.6454296875 0.14428571428571427 0.0767578125
1.0 0.4074702380952381 0.619609375 0.14428571428571427 0.0941796875
1.0 0.1612202380952381 0.623046875 0.11461309523809524 0.074140625
1.0 0.05952380952380952 0.6112890625 0.10485119047619047 0.0727734375
1.0 0.2698809523809524 0.6071484375 0.10660714285714286 0.0616796875
1.0 0.1417857142857143 0.57921875 0.12446428571428572 0.052265625
1.0 0.9424107142857142 0.72234375 0.1313690476190476 0.1469140625
1.0 0.4991071428571428 0.68078125 0.2826190476190476 0.1529296875
1.0 0.10821428571428571 0.5673046875 0.0799107142857143 0.051328125
1.0 0.2461309523809524 0.5719140625 0.08547619047619047 0.056953125
1.0 0.3155952380952381 0.58984375 0.12547619047619046 0.0628515625
1.0 0.5370535714285714 0.59484375 0.12303571428571429 0.0621875
1.0 0.634047619047619 0.6126171875 0.1544345238095238 0.0781640625
1.0 0.8685416666666667 0.609375 0.1800892857142857 0.0949609375
