1.0 0.7443154761904762 0.83296875 0.22309523809523807 0.178125
1.0 0.14526785714285714 0.7496484375 0.29336309523809523 0.170234375
1.0 0.2947619047619048 0.6454296875 0.14428571428571427 0.0767578125
1.0 0.4074702380952381 0.619609375 0.14428571428571427 0.0941796875
1.0 0.1612202380952381 0.6230859375 0.11461309523809524 0.07421875
1.0 0.05952380952380952 0.6112890625 0.10485119047619047 0.0727734375
1.0 0.2698809523809524 0.6071484375 0.10660714285714286 0.0616796875
1.0 0.1417857142857143 0.57921875 0.12446428571428572 0.052265625
1.0 0.9424107142857142 0.72234375 0.1313690476190476 0.1469140625
1.0 0.4179166666666666 0.6856640625 0.2868452380952381 0.1529296875
1.0 0.07770833333333334 0.5627734375 0.07577380952380952 0.0506640625
1.0 0.21726190476190477 0.5689453125 0.08202380952380953 0.0550390625
1.0 0.28017857142857144 0.5876171875 0.12011904761904761 0.06234375
1.0 0.4971428571428571 0.5923828125 0.11705357142857142 0.0609375
1.0 0.5650595238095238 0.6073828125 0.14928571428571427 0.073671875
1.0 0.8096726190476191 0.60671875 0.1811309523809524 0.089609375
