1.0 0.7443154761904762 0.83296875 0.22309523809523807 0.178125
1.0 0.14526785714285714 0.7496484375 0.29336309523809523 0.170234375
1.0 0.2947619047619048 0.6454296875 0.14428571428571427 0.0767578125
1.0 0.4074702380952381 0.619609375 0.14428571428571427 0.0941796875
1.0 0.1612202380952381 0.6230859375 0.11461309523809524 0.07421875
1.0 0.05952380952380952 0.6112890625 0.10485119047619047 0.0727734375
1.0 0.2698809523809524 0.6071484375 0.10660714285714286 0.0616796875
1.0 0.1417857142857143 0.57921875 0.12446428571428572 0.052265625
1.0 0.9424107142857142 0.72234375 0.1313690476190476 0.1469140625
1.0 0.4080059523809524 0.686015625 0.28735119047619045 0.1529296875
1.0 0.07389880952380952 0.5621484375 0.07526785714285714 0.0505859375
1.0 0.2136309523809524 0.5685546875 0.08157738095238096 0.0548046875
1.0 0.27574404761904764 0.5873046875 0.11946428571428572 0.062265625
1.0 0.49214285714285716 0.5920703125 0.11630952380952381 0.06078125
1.0 0.5564285714285715 0.60671875 0.14863095238095236 0.0730859375
1.0 0.8022916666666666 0.60640625 0.18125 0.0889453125
