1.0 0.7443154761904762 0.83296875 0.22309523809523807 0.178125
1.0 0.14526785714285714 0.7496484375 0.29336309523809523 0.170234375
1.0 0.2947619047619048 0.6454296875 0.14428571428571427 0.0767578125
1.0 0.4074702380952381 0.619609375 0.14428571428571427 0.0941796875
1.0 0.1612202380952381 0.6230859375 0.11461309523809524 0.0742578125
1.0 0.05952380952380952 0.6112890625 0.10485119047619047 0.0727734375
1.0 0.2698809523809524 0.6071484375 0.10660714285714286 0.0616796875
1.0 0.1417857142857143 0.57921875 0.12446428571428572 0.052265625
1.0 0.9424107142857142 0.72234375 0.1313690476190476 0.1469140625
1.0 0.3411011904761905 0.688828125 0.28348214285714285 0.1512890625
1.0 0.891904761904762 0.6665625 0.20264880952380954 0.139140625
1.0 0.04869047619047619 0.5593359375 0.07163690476190476 0.05
1.0 0.18836309523809525 0.5658984375 0.07854166666666666 0.0531640625
1.0 0.24476190476190474 0.5853515625 0.11479166666666667 0.0618359375
1.0 0.45785714285714285 0.58984375 0.11139880952380952 0.0596484375
1.0 0.501875 0.602421875 0.14125000000000001 0.07046875
1.0 0.7522916666666667 0.6028125 0.18 0.085234375
