1.0 0.7443154761904762 0.83296875 0.22309523809523807 0.178125
1.0 0.14526785714285714 0.7496484375 0.29336309523809523 0.170234375
1.0 0.2947619047619048 0.6454296875 0.14428571428571427 0.0767578125
1.0 0.4074702380952381 0.619609375 0.14428571428571427 0.0941796875
1.0 0.1612202380952381 0.6230859375 0.11461309523809524 0.07421875
1.0 0.05952380952380952 0.6112890625 0.10485119047619047 0.0727734375
1.0 0.2698809523809524 0.6071484375 0.10660714285714286 0.0616796875
1.0 0.1417857142857143 0.57921875 0.12446428571428572 0.052265625
1.0 0.9424107142857142 0.72234375 0.1313690476190476 0.1469140625
1.0 0.38860119047619046 0.6867578125 0.28714285714285714 0.15265625
1.0 0.06625 0.561015625 0.07422619047619047 0.050390625
1.0 0.2063988095238095 0.5678125 0.08071428571428571 0.0543359375
1.0 0.2669047619047619 0.5867578125 0.118125 0.0621484375
1.0 0.48217261904761904 0.591484375 0.11482142857142856 0.06046875
1.0 0.5391964285714286 0.605390625 0.14735119047619047 0.071953125
1.0 0.7875595238095239 0.6057421875 0.18148809523809523 0.0876171875
