1.0 0.7443154761904762 0.83296875 0.22309523809523807 0.178125
1.0 0.14526785714285714 0.7496484375 0.29336309523809523 0.170234375
1.0 0.2947619047619048 0.6454296875 0.14428571428571427 0.0767578125
1.0 0.4074702380952381 0.619609375 0.14428571428571427 0.0941796875
1.0 0.1612202380952381 0.6230859375 0.11461309523809524 0.07421875
1.0 0.05952380952380952 0.6112890625 0.10485119047619047 0.0727734375
1.0 0.2698809523809524 0.6071484375 0.10660714285714286 0.0616796875
1.0 0.1417857142857143 0.57921875 0.12446428571428572 0.052265625
1.0 0.9424107142857142 0.72234375 0.1313690476190476 0.1469140625
1.0 0.398125 0.686328125 0.28785714285714287 0.1529296875
1.0 0.07005952380952381 0.5616015625 0.07473214285714286 0.0505078125
1.0 0.21002976190476189 0.5681640625 0.08113095238095239 0.0545703125
1.0 0.2713095238095238 0.58703125 0.11880952380952381 0.0622265625
1.0 0.48714285714285716 0.5917578125 0.11556547619047619 0.060625
1.0 0.547797619047619 0.6060546875 0.14800595238095238 0.0725390625
1.0 0.7949404761904763 0.6060546875 0.18136904761904762 0.08828125
