1.0 0.7443154761904762 0.83296875 0.22309523809523807 0.178125
1.0 0.14526785714285714 0.7496484375 0.29336309523809523 0.170234375
1.0 0.2947619047619048 0.6454296875 0.14428571428571427 0.0767578125
1.0 0.4074702380952381 0.619609375 0.14428571428571427 0.0941796875
1.0 0.1612202380952381 0.6230859375 0.11461309523809524 0.07421875
1.0 0.05952380952380952 0.6112890625 0.10485119047619047 0.0727734375
1.0 0.2698809523809524 0.6071484375 0.10660714285714286 0.0616796875
1.0 0.1417857142857143 0.57921875 0.12446428571428572 0.052265625
1.0 0.9424107142857142 0.72234375 0.1313690476190476 0.1469140625
1.0 0.3696130952380952 0.687578125 0.2856845238095238 0.152109375
1.0 0.910952380952381 0.666796875 0.17830357142857142 0.1359765625
1.0 0.05863095238095238 0.5598828125 0.07318452380952381 0.050234375
1.0 0.19919642857142858 0.56703125 0.07985119047619046 0.0538671875
1.0 0.2580357142857143 0.5862109375 0.1167857142857143 0.06203125
1.0 0.47220238095238093 0.590859375 0.11330357142857143 0.06015625
1.0 0.5242559523809524 0.6041796875 0.14491071428571428 0.0713671875
1.0 0.7732142857142857 0.604765625 0.1812202380952381 0.0865234375
