1.0 0.7443154761904762 0.83296875 0.22309523809523807 0.178125
1.0 0.14526785714285714 0.7496484375 0.29336309523809523 0.170234375
1.0 0.2947619047619048 0.6454296875 0.14428571428571427 0.0767578125
1.0 0.4074702380952381 0.619609375 0.14428571428571427 0.0941796875
1.0 0.1612202380952381 0.6230859375 0.11461309523809524 0.0742578125
1.0 0.05952380952380952 0.6112890625 0.10485119047619047 0.0727734375
1.0 0.2698809523809524 0.6071484375 0.10660714285714286 0.0616796875
1.0 0.1417857142857143 0.57921875 0.12446428571428572 0.052265625
1.0 0.9424107142857142 0.72234375 0.1313690476190476 0.1469140625
1.0 0.3601190476190476 0.68796875 0.2849404761904762 0.1518359375
1.0 0.9046130952380952 0.66671875 0.18642857142857144 0.13703125
1.0 0.054821428571428577 0.5593359375 0.07267857142857144 0.05015625
1.0 0.19556547619047618 0.566640625 0.07940476190476191 0.0536328125
1.0 0.25360119047619045 0.5858984375 0.11613095238095239 0.061953125
1.0 0.4672023809523809 0.590546875 0.1125595238095238 0.06
1.0 0.5167857142857143 0.6036328125 0.1436904761904762 0.0710546875
1.0 0.766279761904762 0.6041015625 0.18080357142857142 0.08609375
