1.0 0.7443154761904762 0.83296875 0.22309523809523807 0.178125
1.0 0.14526785714285714 0.7496484375 0.29336309523809523 0.170234375
1.0 0.2947619047619048 0.6454296875 0.14428571428571427 0.0767578125
1.0 0.4074702380952381 0.619609375 0.14428571428571427 0.0941796875
1.0 0.1612202380952381 0.623125 0.11461309523809524 0.074296875
1.0 0.05952380952380952 0.6112890625 0.10485119047619047 0.0727734375
1.0 0.2698809523809524 0.6071484375 0.10660714285714286 0.0616796875
1.0 0.1417857142857143 0.57921875 0.12446428571428572 0.052265625
1.0 0.9424107142857142 0.72234375 0.1313690476190476 0.1469140625
1.0 0.27211309523809524 0.691015625 0.28214285714285714 0.150234375
1.0 0.843095238095238 0.66703125 0.25205357142857143 0.144921875
1.0 0.16306547619047618 0.5632421875 0.07553571428571429 0.051484375
1.0 0.2144345238095238 0.5831640625 0.11011904761904762 0.061171875
1.0 0.4274404761904762 0.5872265625 0.10848214285714286 0.0585546875
1.0 0.4496428571428572 0.598203125 0.13273809523809524 0.068359375
1.0 0.7034821428571428 0.598359375 0.17714285714285716 0.082265625
