1.0 0.7443154761904762 0.83296875 0.22309523809523807 0.178125
1.0 0.14526785714285714 0.7496484375 0.29336309523809523 0.170234375
1.0 0.2947619047619048 0.6454296875 0.14428571428571427 0.0767578125
1.0 0.4074702380952381 0.619609375 0.14428571428571427 0.0941796875
1.0 0.1612202380952381 0.623125 0.11461309523809524 0.074296875
1.0 0.05952380952380952 0.6112890625 0.10485119047619047 0.0727734375
1.0 0.2698809523809524 0.6071484375 0.10660714285714286 0.0616796875
1.0 0.1417857142857143 0.57921875 0.12446428571428572 0.052265625
1.0 0.9424107142857142 0.72234375 0.1313690476190476 0.1469140625
1.0 0.3030952380952381 0.69046875 0.2805952380952381 0.1501953125
1.0 0.8665476190476191 0.6662890625 0.2350892857142857 0.1433203125
1.0 0.039464285714285716 0.5615234375 0.06958333333333333 0.0496484375
1.0 0.1738988095238095 0.564375 0.07681547619047618 0.0521875
1.0 0.22705357142857144 0.58421875 0.11214285714285714 0.0616015625
1.0 0.44047619047619047 0.588359375 0.10973214285714285 0.0590234375
1.0 0.4719940476190476 0.6000390625 0.1363988095238095 0.0692578125
1.0 0.724375 0.6002734375 0.17836309523809524 0.083515625
