1.0 0.7443154761904762 0.83296875 0.22309523809523807 0.178125
1.0 0.14532738095238096 0.7496484375 0.29348214285714286 0.170234375
1.0 0.2947619047619048 0.6454296875 0.14428571428571427 0.0767578125
1.0 0.4074702380952381 0.619609375 0.14428571428571427 0.0941796875
1.0 0.1612202380952381 0.6231640625 0.11461309523809524 0.0743359375
1.0 0.05952380952380952 0.6112890625 0.10485119047619047 0.0727734375
1.0 0.2698809523809524 0.6071484375 0.10660714285714286 0.0616796875
1.0 0.1417857142857143 0.57921875 0.12446428571428572 0.052265625
1.0 0.9424107142857142 0.72234375 0.1313690476190476 0.1469140625
1.0 0.19696428571428573 0.6915234375 0.2901488095238095 0.1512890625
1.0 0.7675595238095237 0.6734375 0.2573809523809524 0.1414453125
1.0 0.13851190476190475 0.5607421875 0.0725 0.04984375
1.0 0.1881547619047619 0.5797265625 0.10523809523809524 0.0591015625
1.0 0.3970535714285714 0.584609375 0.10556547619047618 0.0574609375
1.0 0.4010416666666667 0.593984375 0.12419642857142857 0.06625
1.0 0.6570238095238095 0.5946484375 0.17285714285714285 0.079453125
