1.0 0.7443154761904762 0.83296875 0.22309523809523807 0.178125
1.0 0.14589285714285716 0.7496484375 0.29458333333333336 0.170234375
1.0 0.2947619047619048 0.6454296875 0.14428571428571427 0.0767578125
1.0 0.4074702380952381 0.619609375 0.14428571428571427 0.0941796875
1.0 0.1612202380952381 0.623203125 0.11461309523809524 0.0744140625
1.0 0.05952380952380952 0.6112890625 0.10485119047619047 0.0727734375
1.0 0.2698809523809524 0.6071484375 0.10660714285714286 0.0616796875
1.0 0.1417857142857143 0.57921875 0.12446428571428572 0.052265625
1.0 0.9424107142857142 0.72234375 0.1313690476190476 0.1469140625
1.0 0.12327380952380954 0.6781640625 0.2425595238095238 0.12765625
1.0 0.6754761904761905 0.68078125 0.2624107142857143 0.1409375
1.0 0.11258928571428571 0.5581640625 0.06863095238095238 0.0476953125
1.0 0.1543452380952381 0.5752734375 0.09898809523809524 0.056484375
1.0 0.35830357142857144 0.5812890625 0.10107142857142858 0.0560546875
1.0 0.34211309523809524 0.5886328125 0.1132440476190476 0.0635546875
1.0 0.6008333333333333 0.59078125 0.16604166666666667 0.076171875
