1.0 0.7443154761904762 0.83296875 0.22309523809523807 0.178125
1.0 0.14639880952380951 0.7496484375 0.2955654761904762 0.170234375
1.0 0.2947619047619048 0.6454296875 0.14428571428571427 0.0767578125
1.0 0.4074702380952381 0.619609375 0.14428571428571427 0.0941796875
1.0 0.1612202380952381 0.623203125 0.11461309523809524 0.074453125
1.0 0.05952380952380952 0.6112890625 0.10485119047619047 0.0727734375
1.0 0.2698809523809524 0.6071484375 0.10660714285714286 0.0616796875
1.0 0.1417857142857143 0.57921875 0.12446428571428572 0.052265625
1.0 0.9424107142857142 0.72234375 0.1313690476190476 0.1469140625
1.0 0.5938392857142857 0.6866796875 0.26654761904761903 0.1409375
1.0 0.08952380952380952 0.5559375 0.06517857142857142 0.04578125
1.0 0.12773809523809523 0.5721875 0.09345238095238095 0.054140625
1.0 0.3260119047619048 0.5789453125 0.091875 0.0548046875
1.0 0.3007440476190476 0.585625 0.10809523809523809 0.061875
1.0 0.559404761904762 0.5879296875 0.1601190476190476 0.0739453125
