1.0 0.7443154761904762 0.83296875 0.22309523809523807 0.178125
1.0 0.14625 0.7496484375 0.295327380952381 0.170234375
1.0 0.2947619047619048 0.6454296875 0.14428571428571427 0.0767578125
1.0 0.4074702380952381 0.619609375 0.14428571428571427 0.0941796875
1.0 0.1612202380952381 0.623203125 0.11461309523809524 0.074453125
1.0 0.05952380952380952 0.6112890625 0.10485119047619047 0.0727734375
1.0 0.2698809523809524 0.6071484375 0.10660714285714286 0.0616796875
1.0 0.1417857142857143 0.57921875 0.12446428571428572 0.052265625
1.0 0.9424107142857142 0.72234375 0.1313690476190476 0.1469140625
1.0 0.08860119047619047 0.683671875 0.17172619047619048 0.1266796875
1.0 0.6144345238095238 0.685546875 0.265625 0.1409375
1.0 0.09529761904761906 0.556484375 0.06604166666666667 0.04625
1.0 0.13428571428571429 0.5729296875 0.09482142857142857 0.0546875
1.0 0.33407738095238093 0.57953125 0.09416666666666666 0.0551171875
1.0 0.3107142857142857 0.58625 0.10898809523809523 0.0622265625
1.0 0.5697619047619048 0.588671875 0.16160714285714284 0.0744921875
