1.0 0.7443154761904762 0.83296875 0.22309523809523807 0.178125
1.0 0.1468154761904762 0.7496484375 0.29642857142857143 0.170234375
1.0 0.2947619047619048 0.6454296875 0.14428571428571427 0.0767578125
1.0 0.4074702380952381 0.619609375 0.14428571428571427 0.0941796875
1.0 0.1612202380952381 0.6232421875 0.11461309523809524 0.07453125
1.0 0.05952380952380952 0.6112890625 0.10485119047619047 0.0727734375
1.0 0.2698809523809524 0.6071484375 0.10660714285714286 0.0616796875
1.0 0.1417857142857143 0.57921875 0.12446428571428572 0.052265625
1.0 0.9424107142857142 0.72234375 0.1313690476190476 0.1469140625
1.0 0.5205357142857143 0.6890234375 0.26919642857142856 0.1409375
1.0 0.06937499999999999 0.553984375 0.06214285714285714 0.0441015625
1.0 0.10488095238095238 0.569609375 0.08857142857142858 0.0520703125
1.0 0.29773809523809525 0.576875 0.0838095238095238 0.053671875
1.0 0.2658333333333333 0.583515625 0.10491071428571429 0.060546875
1.0 0.5232142857142857 0.585390625 0.1549702380952381 0.071953125
