1.0 0.7443154761904762 0.83296875 0.22309523809523807 0.178125
1.0 0.14675595238095238 0.7496484375 0.2963095238095238 0.170234375
1.0 0.2947619047619048 0.6454296875 0.14428571428571427 0.0767578125
1.0 0.4074702380952381 0.619609375 0.14428571428571427 0.0941796875
1.0 0.1612202380952381 0.6232421875 0.11461309523809524 0.07453125
1.0 0.05952380952380952 0.6112890625 0.10485119047619047 0.0727734375
1.0 0.2698809523809524 0.6071484375 0.10660714285714286 0.0616796875
1.0 0.1417857142857143 0.57921875 0.12446428571428572 0.052265625
1.0 0.9424107142857142 0.72234375 0.1313690476190476 0.1469140625
1.0 0.5309821428571428 0.6887109375 0.2688095238095238 0.1409375
1.0 0.07226190476190476 0.5542578125 0.06255952380952381 0.044375
1.0 0.10815476190476192 0.57 0.08928571428571429 0.05234375
1.0 0.3017857142857143 0.5771875 0.0849702380952381 0.053828125
1.0 0.2708333333333333 0.5838671875 0.10535714285714286 0.0607421875
1.0 0.5283630952380952 0.58578125 0.15571428571428572 0.072265625
