1.0 0.7443154761904762 0.83296875 0.22309523809523807 0.178125
1.0 0.14669642857142856 0.7496484375 0.29619047619047617 0.170234375
1.0 0.2947619047619048 0.6454296875 0.14428571428571427 0.0767578125
1.0 0.4074702380952381 0.619609375 0.14428571428571427 0.0941796875
1.0 0.1612202380952381 0.6232421875 0.11461309523809524 0.0744921875
1.0 0.05952380952380952 0.6112890625 0.10485119047619047 0.0727734375
1.0 0.2698809523809524 0.6071484375 0.10660714285714286 0.0616796875
1.0 0.1417857142857143 0.57921875 0.12446428571428572 0.052265625
1.0 0.9424107142857142 0.72234375 0.1313690476190476 0.1469140625
1.0 0.5414880952380953 0.688359375 0.26845238095238094 0.1409375
1.0 0.07511904761904761 0.55453125 0.06300595238095238 0.044609375
1.0 0.11142857142857142 0.5703515625 0.0899702380952381 0.05265625
1.0 0.30580357142857145 0.5774609375 0.08610119047619047 0.053984375
1.0 0.2758333333333334 0.584140625 0.10580357142857141 0.0609375
1.0 0.5335416666666667 0.5861328125 0.15645833333333334 0.0725390625
