1.0 0.7443154761904762 0.83296875 0.22309523809523807 0.178125
1.0 0.1468154761904762 0.7496484375 0.29642857142857143 0.170234375
1.0 0.2947619047619048 0.6454296875 0.14428571428571427 0.0767578125
1.0 0.4074702380952381 0.619609375 0.14428571428571427 0.0941796875
1.0 0.1612202380952381 0.6232421875 0.11461309523809524 0.07453125
1.0 0.05952380952380952 0.6112890625 0.10485119047619047 0.0727734375
1.0 0.2698809523809524 0.6071484375 0.10660714285714286 0.0616796875
1.0 0.1417857142857143 0.57921875 0.12446428571428572 0.052265625
1.0 0.9429166666666666 0.72234375 0.1313690476190476 0.1469140625
1.0 0.48949404761904763 0.690859375 0.26958333333333334 0.1409375
1.0 0.06071428571428571 0.553125 0.060833333333333336 0.0433984375
1.0 0.09508928571428571 0.568515625 0.08648809523809524 0.051171875
1.0 0.285625 0.576015625 0.08035714285714286 0.053203125
1.0 0.25089285714285714 0.58265625 0.10354166666666667 0.06
1.0 0.5076488095238095 0.5843359375 0.15276785714285715 0.0711328125
