1.0 0.7443154761904762 0.83296875 0.22309523809523807 0.178125
1.0 0.1468154761904762 0.7496484375 0.29642857142857143 0.170234375
1.0 0.2947619047619048 0.6454296875 0.14428571428571427 0.0767578125
1.0 0.4074702380952381 0.619609375 0.14428571428571427 0.0941796875
1.0 0.1612202380952381 0.6232421875 0.11461309523809524 0.07453125
1.0 0.05952380952380952 0.6112890625 0.10485119047619047 0.0727734375
1.0 0.2698809523809524 0.6071484375 0.10660714285714286 0.0616796875
1.0 0.1417857142857143 0.57921875 0.12446428571428572 0.052265625
1.0 0.9433928571428571 0.72234375 0.1313690476190476 0.1469140625
1.0 0.4689285714285714 0.69234375 0.26958333333333334 0.1409375
1.0 0.05497023809523809 0.552578125 0.06 0.0429296875
1.0 0.08857142857142858 0.5678125 0.08511904761904762 0.0505859375
1.0 0.2775595238095238 0.5754296875 0.07806547619047619 0.052890625
1.0 0.24092261904761905 0.58203125 0.10261904761904761 0.0596484375
1.0 0.4973214285714286 0.58359375 0.1512797619047619 0.070546875
