1.0 0.7443154761904762 0.83296875 0.22309523809523807 0.178125
1.0 0.1468154761904762 0.7496484375 0.29642857142857143 0.170234375
1.0 0.2947619047619048 0.6454296875 0.14428571428571427 0.0767578125
1.0 0.4074702380952381 0.619609375 0.14428571428571427 0.0941796875
1.0 0.1612202380952381 0.62328125 0.11461309523809524 0.0745703125
1.0 0.05952380952380952 0.6112890625 0.10485119047619047 0.0727734375
1.0 0.2698809523809524 0.6071484375 0.10660714285714286 0.0616796875
1.0 0.1417857142857143 0.57921875 0.12446428571428572 0.052265625
1.0 0.9446428571428571 0.72234375 0.1313690476190476 0.1469140625
1.0 0.41547619047619044 0.696640625 0.27202380952380956 0.1409375
1.0 0.07223214285714286 0.5659765625 0.08163690476190476 0.049140625
1.0 0.2573511904761905 0.5739453125 0.07229166666666667 0.052109375
1.0 0.21598214285714284 0.5805859375 0.10035714285714285 0.0587109375
1.0 0.4714583333333333 0.581796875 0.14758928571428573 0.069140625
