1.0 0.7443154761904762 0.83296875 0.22309523809523807 0.178125
1.0 0.1468154761904762 0.7496484375 0.29642857142857143 0.170234375
1.0 0.2947619047619048 0.6454296875 0.14428571428571427 0.0767578125
1.0 0.4074702380952381 0.619609375 0.14428571428571427 0.0941796875
1.0 0.1612202380952381 0.623359375 0.11461309523809524 0.074765625
1.0 0.05952380952380952 0.6112890625 0.10485119047619047 0.0727734375
1.0 0.2698809523809524 0.6071484375 0.10660714285714286 0.0616796875
1.0 0.1417857142857143 0.57921875 0.12446428571428572 0.052265625
1.0 0.1605059523809524 0.691875 0.2575892857142857 0.1280078125
1.0 0.17229166666666668 0.5646875 0.06711309523809524 0.048359375
1.0 0.13014880952380953 0.5734375 0.0894642857142857 0.054296875
1.0 0.3500892857142857 0.573359375 0.13029761904761905 0.062578125
