1.0 0.7443154761904762 0.83296875 0.22309523809523807 0.178125
1.0 0.1468154761904762 0.7496484375 0.29642857142857143 0.170234375
1.0 0.2947619047619048 0.6454296875 0.14428571428571427 0.0767578125
1.0 0.4074702380952381 0.619609375 0.14428571428571427 0.0941796875
1.0 0.1612202380952381 0.623359375 0.11461309523809524 0.074765625
1.0 0.05952380952380952 0.6112890625 0.10485119047619047 0.0727734375
1.0 0.2698809523809524 0.6071484375 0.10660714285714286 0.0616796875
1.0 0.1417857142857143 0.57921875 0.12446428571428572 0.052265625
1.0 0.12625 0.68328125 0.23702380952380953 0.1107421875
1.0 0.1582738095238095 0.563125 0.06657738095238096 0.047734375
1.0 0.11583333333333334 0.5722265625 0.08764880952380952 0.0535546875
1.0 0.33517857142857144 0.5722265625 0.1281547619047619 0.0618359375
