1.0 0.7443154761904762 0.83296875 0.22309523809523807 0.178125
1.0 0.1468154761904762 0.7496484375 0.29642857142857143 0.170234375
1.0 0.2947619047619048 0.6454296875 0.14428571428571427 0.0767578125
1.0 0.4074702380952381 0.619609375 0.14428571428571427 0.0941796875
1.0 0.1612202380952381 0.6234375 0.11461309523809524 0.0748828125
1.0 0.05952380952380952 0.6112890625 0.10485119047619047 0.0727734375
1.0 0.2698809523809524 0.6071484375 0.10660714285714286 0.0616796875
1.0 0.1417857142857143 0.57921875 0.12446428571428572 0.052265625
1.0 0.10577380952380952 0.5572265625 0.06461309523809525 0.0453515625
1.0 0.062172619047619046 0.5677734375 0.08086309523809525 0.05078125
1.0 0.27922619047619046 0.568046875 0.12011904761904761 0.0590234375
1.0 0.04261904761904762 0.529453125 0.05988095238095238 0.0330859375
