1.0 0.7443154761904762 0.83296875 0.22309523809523807 0.178125
1.0 0.1468154761904762 0.7496484375 0.29642857142857143 0.170234375
1.0 0.2947619047619048 0.6454296875 0.14428571428571427 0.0767578125
1.0 0.4074702380952381 0.619609375 0.14428571428571427 0.0941796875
1.0 0.1612202380952381 0.6233984375 0.11461309523809524 0.07484375
1.0 0.05952380952380952 0.6112890625 0.10485119047619047 0.0727734375
1.0 0.2698809523809524 0.6071484375 0.10660714285714286 0.0616796875
1.0 0.1417857142857143 0.57921875 0.12446428571428572 0.052265625
1.0 0.1162797619047619 0.5583984375 0.065 0.0458203125
1.0 0.07291666666666667 0.5686328125 0.08220238095238096 0.051328125
1.0 0.29041666666666666 0.5688671875 0.12172619047619047 0.059609375
