1.0 0.7443154761904762 0.83296875 0.22309523809523807 0.178125
1.0 0.1468154761904762 0.7496484375 0.29642857142857143 0.170234375
1.0 0.29973214285714284 0.6434375 0.14229166666666668 0.0767578125
1.0 0.40922619047619047 0.619609375 0.14428571428571427 0.0941796875
1.0 0.1612202380952381 0.622421875 0.11461309523809524 0.072890625
1.0 0.05952380952380952 0.6112890625 0.10485119047619047 0.0727734375
1.0 0.2698809523809524 0.6071484375 0.10660714285714286 0.0616796875
1.0 0.1417857142857143 0.57921875 0.12446428571428572 0.052265625
1.0 0.22669642857142858 0.57734375 0.10997023809523811 0.0523828125
1.0 0.13592261904761904 0.5253125 0.05758928571428572 0.03515625
