1.0 0.7443154761904762 0.83296875 0.22309523809523807 0.178125
1.0 0.1468154761904762 0.7496484375 0.29642857142857143 0.170234375
1.0 0.30062500000000003 0.6430859375 0.1419047619047619 0.0767578125
1.0 0.4123809523809524 0.619609375 0.14428571428571427 0.0941796875
1.0 0.1612202380952381 0.6223046875 0.11461309523809524 0.07265625
1.0 0.05952380952380952 0.6112890625 0.10485119047619047 0.0727734375
1.0 0.2698809523809524 0.6071484375 0.10660714285714286 0.0616796875
1.0 0.1417857142857143 0.57921875 0.12446428571428572 0.052265625
1.0 0.15470238095238095 0.57015625 0.09776785714285714 0.0514453125
1.0 0.14026785714285714 0.5253125 0.04892857142857143 0.03515625
