1.0 0.7443154761904762 0.83296875 0.22309523809523807 0.178125
1.0 0.1468154761904762 0.7496484375 0.29642857142857143 0.170234375
1.0 0.4261607142857143 0.65859375 0.1717857142857143 0.0915234375
1.0 0.635922619047619 0.6419140625 0.17636904761904762 0.10640625
1.0 0.16875 0.62296875 0.11461309523809524 0.071328125
1.0 0.05952380952380952 0.6112890625 0.10485119047619047 0.0727734375
1.0 0.34157738095238094 0.6178125 0.12773809523809523 0.0667578125
1.0 0.15151785714285712 0.5854296875 0.1313095238095238 0.0647265625
1.0 0.0994047619047619 0.8061328125 0.2058333333333333 0.1754296875
1.0 0.07693452380952381 0.524765625 0.07642857142857143 0.0403125
