1.0 0.7443154761904762 0.83296875 0.22309523809523807 0.178125
1.0 0.1468154761904762 0.7496484375 0.29642857142857143 0.170234375
1.0 0.4518452380952381 0.661015625 0.17553571428571427 0.094140625
1.0 0.6679761904761905 0.644453125 0.18226190476190476 0.1094921875
1.0 0.17092261904761905 0.623203125 0.11479166666666667 0.071328125
1.0 0.05952380952380952 0.6112890625 0.10485119047619047 0.0727734375
1.0 0.3581547619047619 0.619765625 0.1344642857142857 0.0683984375
1.0 0.15300595238095238 0.5863671875 0.13232142857142856 0.0666015625
1.0 0.1212797619047619 0.808671875 0.24639880952380955 0.1754296875
1.0 0.08157738095238096 0.524765625 0.07642857142857143 0.0403125
