1.0 0.7443154761904762 0.83296875 0.22309523809523807 0.178125
1.0 0.1468154761904762 0.7496484375 0.29642857142857143 0.170234375
1.0 0.516547619047619 0.666640625 0.1902083333333333 0.100078125
1.0 0.7488392857142857 0.65140625 0.19607142857142856 0.116953125
1.0 0.1831547619047619 0.6238671875 0.11755952380952381 0.0726171875
1.0 0.0605654761904762 0.6112890625 0.10485119047619047 0.0727734375
1.0 0.4051488095238095 0.6258203125 0.14625 0.0772265625
1.0 0.15625 0.5884375 0.13461309523809523 0.0707421875
1.0 0.16142857142857142 0.8091015625 0.32401785714285714 0.1754296875
1.0 0.0918154761904762 0.524765625 0.07642857142857143 0.0403125
