1.0 0.7443154761904762 0.83296875 0.22309523809523807 0.178125
1.0 0.1468154761904762 0.7496484375 0.29642857142857143 0.170234375
1.0 0.4789583333333334 0.6634375 0.17830357142857142 0.096796875
1.0 0.700029761904762 0.6433984375 0.1881547619047619 0.112578125
1.0 0.17511904761904762 0.623203125 0.115625 0.071328125
1.0 0.06 0.6112890625 0.10485119047619047 0.0727734375
1.0 0.3773511904761905 0.622109375 0.14041666666666666 0.0713671875
1.0 0.15446428571428572 0.58734375 0.13336309523809525 0.0684765625
1.0 0.13925595238095237 0.809453125 0.28464285714285714 0.1754296875
1.0 0.08622023809523809 0.524765625 0.07642857142857143 0.0403125
