1.0 0.7443154761904762 0.83296875 0.22309523809523807 0.178125
1.0 0.1468154761904762 0.7496484375 0.29642857142857143 0.170234375
1.0 0.4844047619047619 0.6639453125 0.17883928571428573 0.09734375
1.0 0.7081547619047619 0.644765625 0.1894642857142857 0.1133203125
1.0 0.17598214285714286 0.623203125 0.11580357142857142 0.071328125
1.0 0.06008928571428572 0.6112890625 0.10485119047619047 0.0727734375
1.0 0.3819940476190476 0.6227734375 0.1413988095238095 0.07234375
1.0 0.15476190476190477 0.5875 0.1335714285714286 0.0688671875
1.0 0.14285714285714285 0.8095703125 0.29232142857142857 0.1754296875
1.0 0.08717261904761904 0.524765625 0.07642857142857143 0.0403125
