1.0 0.7443154761904762 0.83296875 0.22309523809523807 0.178125
1.0 0.1468154761904762 0.7496484375 0.29642857142857143 0.170234375
1.0 0.5588095238095238 0.67328125 0.19982142857142857 0.10671875
1.0 0.8003571428571429 0.6558984375 0.20398809523809525 0.1195703125
1.0 0.19178571428571428 0.6246484375 0.11970238095238095 0.0741796875
1.0 0.061130952380952376 0.6112890625 0.10485119047619047 0.0727734375
1.0 0.43291666666666667 0.6295703125 0.15208333333333335 0.0830859375
1.0 0.1605654761904762 0.5894921875 0.13473214285714286 0.0727734375
1.0 0.18467261904761903 0.8063671875 0.35023809523809524 0.1754296875
1.0 0.09738095238095237 0.524765625 0.07642857142857143 0.0403125
