1.0 0.7292559523809524 0.834296875 0.19654761904761905 0.1858203125
1.0 0.18357142857142858 0.7119140625 0.2650297619047619 0.1378125
1.0 0.955625 0.6788671875 0.09800595238095237 0.103359375
1.0 0.6730357142857143 0.6096875 0.16142857142857142 0.0875
1.0 0.24916666666666668 0.57171875 0.07693452380952381 0.0709765625
1.0 0.3812797619047619 0.64453125 0.2194047619047619 0.111015625
1.0 0.3786309523809524 0.5883984375 0.18110119047619047 0.12625
1.0 0.21029761904761904 0.6228125 0.12401785714285715 0.06421875
1.0 0.20922619047619045 0.602109375 0.11690476190476191 0.050859375
1.0 0.11416666666666667 0.611953125 0.09303571428571429 0.068828125
1.0 0.08422619047619048 0.53359375 0.17479166666666665 0.1317578125
