1.0 0.7292559523809524 0.834296875 0.19654761904761905 0.1858203125
1.0 0.16005952380952382 0.7119140625 0.2660416666666667 0.1378125
1.0 0.9457142857142857 0.6743359375 0.11785714285714285 0.1054296875
1.0 0.6550595238095238 0.60875 0.1605952380952381 0.0861328125
1.0 0.23916666666666667 0.571171875 0.07693452380952381 0.0655078125
1.0 0.3812797619047619 0.64453125 0.2194047619047619 0.111015625
1.0 0.3786309523809524 0.5883984375 0.18110119047619047 0.12625
1.0 0.21071428571428572 0.62453125 0.12422619047619048 0.0668359375
1.0 0.20922619047619045 0.602109375 0.11690476190476191 0.050859375
1.0 0.11416666666666667 0.611953125 0.09303571428571429 0.068828125
1.0 0.08422619047619048 0.53359375 0.17479166666666665 0.1317578125
