1.0 0.7292559523809524 0.834296875 0.19654761904761905 0.1858203125
1.0 0.1363095238095238 0.70796875 0.26654761904761903 0.1378125
1.0 0.9357738095238096 0.6698046875 0.13770833333333335 0.1075
1.0 0.6370833333333333 0.6077734375 0.15976190476190477 0.0848046875
1.0 0.22919642857142858 0.570625 0.07693452380952381 0.0600390625
1.0 0.3812797619047619 0.64453125 0.2194047619047619 0.111015625
1.0 0.3786309523809524 0.5883984375 0.18110119047619047 0.12625
1.0 0.21113095238095236 0.62625 0.12443452380952381 0.069453125
1.0 0.20922619047619045 0.602109375 0.11690476190476191 0.050859375
1.0 0.11416666666666667 0.611953125 0.09303571428571429 0.068828125
1.0 0.08422619047619048 0.53359375 0.17479166666666665 0.1317578125
