1.0 0.7292559523809524 0.834296875 0.19654761904761905 0.1858203125
1.0 0.12249999999999998 0.70875 0.2437202380952381 0.1378125
1.0 0.9255059523809525 0.66875 0.15767857142857142 0.108203125
1.0 0.6191071428571429 0.6068359375 0.15892857142857142 0.0834375
1.0 0.3812797619047619 0.64453125 0.2194047619047619 0.111015625
1.0 0.3786309523809524 0.5883984375 0.18110119047619047 0.12625
1.0 0.21157738095238096 0.62796875 0.12464285714285715 0.0720703125
1.0 0.20922619047619045 0.602109375 0.11690476190476191 0.050859375
1.0 0.11416666666666667 0.611953125 0.09303571428571429 0.068828125
1.0 0.08422619047619048 0.53359375 0.17479166666666665 0.1317578125
