1.0 0.7292559523809524 0.834296875 0.19654761904761905 0.1858203125
1.0 0.12940476190476188 0.708359375 0.25511904761904763 0.1378125
1.0 0.9308035714285714 0.667578125 0.14761904761904762 0.1085546875
1.0 0.628095238095238 0.6073046875 0.1593452380952381 0.0841015625
1.0 0.22419642857142857 0.5703515625 0.07693452380952381 0.0573046875
1.0 0.3812797619047619 0.64453125 0.2194047619047619 0.111015625
1.0 0.3786309523809524 0.5883984375 0.18110119047619047 0.12625
1.0 0.21133928571428573 0.627109375 0.12455357142857143 0.0707421875
1.0 0.20922619047619045 0.602109375 0.11690476190476191 0.050859375
1.0 0.11416666666666667 0.611953125 0.09303571428571429 0.068828125
1.0 0.08422619047619048 0.53359375 0.17479166666666665 0.1317578125
