1.0 0.7292559523809524 0.834296875 0.19654761904761905 0.1858203125
1.0 0.1086904761904762 0.70953125 0.22092261904761906 0.1378125
1.0 0.9149404761904762 0.6712109375 0.17779761904761907 0.1075
1.0 0.6011309523809524 0.6058984375 0.1580952380952381 0.0820703125
1.0 0.3812797619047619 0.64453125 0.2194047619047619 0.111015625
1.0 0.3786309523809524 0.5883984375 0.18110119047619047 0.12625
1.0 0.21199404761904764 0.6296875 0.12485119047619049 0.0746875
1.0 0.20922619047619045 0.602109375 0.11690476190476191 0.050859375
1.0 0.11416666666666667 0.611953125 0.09303571428571429 0.068828125
1.0 0.08422619047619048 0.53359375 0.17479166666666665 0.1317578125
