1.0 0.7292559523809524 0.834296875 0.19654761904761905 0.1858203125
1.0 0.1017857142857143 0.709921875 0.20952380952380953 0.1378125
1.0 0.9096428571428571 0.672421875 0.18785714285714286 0.1071875
1.0 0.5921428571428572 0.605390625 0.15770833333333334 0.08140625
1.0 0.3812797619047619 0.64453125 0.2194047619047619 0.111015625
1.0 0.3786309523809524 0.5883984375 0.18110119047619047 0.12625
1.0 0.21220238095238095 0.6305859375 0.1249702380952381 0.0759765625
1.0 0.20922619047619045 0.602109375 0.11690476190476191 0.050859375
1.0 0.11416666666666667 0.611953125 0.09303571428571429 0.068828125
1.0 0.08422619047619048 0.53359375 0.17479166666666665 0.1317578125
