1.0 0.7292559523809524 0.834296875 0.19654761904761905 0.1858203125
1.0 0.04101190476190476 0.711875 0.08797619047619047 0.14171875
1.0 0.8482738095238095 0.6766796875 0.24607142857142858 0.1130859375
1.0 0.5146726190476191 0.60078125 0.1511309523809524 0.0760546875
1.0 0.277202380952381 0.5710546875 0.06178571428571429 0.0600390625
1.0 0.8479464285714287 0.604296875 0.1613690476190476 0.0870703125
1.0 0.3812797619047619 0.64453125 0.2194047619047619 0.111015625
1.0 0.3786309523809524 0.5883984375 0.18110119047619047 0.12625
1.0 0.21282738095238096 0.6331640625 0.12529761904761905 0.079921875
1.0 0.20922619047619045 0.602109375 0.11690476190476191 0.050859375
1.0 0.11416666666666667 0.611953125 0.09303571428571429 0.068828125
1.0 0.08422619047619048 0.53359375 0.17479166666666665 0.1317578125
