1.0 0.7292559523809524 0.834296875 0.19654761904761905 0.1858203125
1.0 0.005 0.7237109375 0.08797619047619047 0.14171875
1.0 0.8190178571428571 0.6771875 0.2481845238095238 0.1119921875
1.0 0.4927976190476191 0.59875 0.1455952380952381 0.0751953125
1.0 0.2692857142857143 0.571640625 0.07217261904761904 0.0596484375
1.0 0.8233333333333333 0.60296875 0.15892857142857142 0.0865234375
1.0 0.3812797619047619 0.64453125 0.2194047619047619 0.111015625
1.0 0.3786309523809524 0.5883984375 0.18110119047619047 0.12625
1.0 0.21282738095238096 0.6331640625 0.12529761904761905 0.079921875
1.0 0.20922619047619045 0.602109375 0.11690476190476191 0.050859375
1.0 0.11416666666666667 0.611953125 0.09303571428571429 0.068828125
1.0 0.08422619047619048 0.53359375 0.17479166666666665 0.1317578125
