1.0 0.7292559523809524 0.834296875 0.19654761904761905 0.1858203125
1.0 0.7086607142857143 0.684296875 0.25303571428571425 0.1121484375
1.0 0.4126785714285714 0.591484375 0.12532738095238094 0.0719921875
1.0 0.22095238095238093 0.5721875 0.08202380952380953 0.059921875
1.0 0.7331845238095238 0.5980859375 0.1499702380952381 0.0845703125
1.0 0.3812797619047619 0.64453125 0.2194047619047619 0.111015625
1.0 0.3786309523809524 0.5883984375 0.18110119047619047 0.12625
1.0 0.21282738095238096 0.6331640625 0.12529761904761905 0.079921875
1.0 0.20922619047619045 0.602109375 0.11690476190476191 0.050859375
1.0 0.11416666666666667 0.611953125 0.09303571428571429 0.068828125
1.0 0.08422619047619048 0.53359375 0.17479166666666665 0.1317578125
