1.0 0.7292559523809524 0.834296875 0.19654761904761905 0.1858203125
1.0 0.5976190476190476 0.6925 0.25726190476190475 0.11328125
1.0 0.3325 0.58421875 0.1050595238095238 0.06875
1.0 0.6502976190476191 0.59375 0.14401785714285714 0.0791015625
1.0 0.9367261904761905 0.63546875 0.13982142857142857 0.0876171875
1.0 0.3812797619047619 0.64453125 0.2194047619047619 0.111015625
1.0 0.3786309523809524 0.5883984375 0.18110119047619047 0.12625
1.0 0.21282738095238096 0.6331640625 0.12529761904761905 0.079921875
1.0 0.20922619047619045 0.602109375 0.11690476190476191 0.050859375
1.0 0.11416666666666667 0.611953125 0.09303571428571429 0.068828125
1.0 0.08422619047619048 0.53359375 0.17479166666666665 0.1317578125
