1.0 0.7292559523809524 0.834296875 0.19654761904761905 0.1858203125
1.0 0.5673809523809523 0.694765625 0.25842261904761904 0.1135546875
1.0 0.3106547619047619 0.582265625 0.09955357142857144 0.067890625
1.0 0.6277083333333333 0.592578125 0.14238095238095239 0.0776171875
1.0 0.9128571428571429 0.6337109375 0.15092261904761906 0.08765625
1.0 0.3812797619047619 0.64453125 0.2194047619047619 0.111015625
1.0 0.3786309523809524 0.5883984375 0.18110119047619047 0.12625
1.0 0.21282738095238096 0.6331640625 0.12529761904761905 0.079921875
1.0 0.20922619047619045 0.602109375 0.11690476190476191 0.050859375
1.0 0.11416666666666667 0.611953125 0.09303571428571429 0.068828125
1.0 0.08422619047619048 0.53359375 0.17479166666666665 0.1317578125
