1.0 0.7292559523809524 0.834296875 0.19654761904761905 0.1858203125
1.0 0.33898809523809526 0.708671875 0.2649107142857143 0.1189453125
1.0 0.47139880952380947 0.584921875 0.12785714285714286 0.0718359375
1.0 0.7153571428571429 0.6194921875 0.17714285714285716 0.082890625
1.0 0.80375 0.608671875 0.15026785714285715 0.0810546875
1.0 0.3812797619047619 0.64453125 0.2194047619047619 0.111015625
1.0 0.3786309523809524 0.5883984375 0.18110119047619047 0.12625
1.0 0.21282738095238096 0.6331640625 0.12529761904761905 0.079921875
1.0 0.20922619047619045 0.602109375 0.11690476190476191 0.050859375
1.0 0.11416666666666667 0.611953125 0.09303571428571429 0.068828125
1.0 0.08422619047619048 0.53359375 0.17479166666666665 0.1317578125
