1.0 0.7292559523809524 0.834296875 0.19654761904761905 0.1858203125
1.0 0.3919047619047619 0.7058984375 0.26375000000000004 0.1172265625
1.0 0.5041369047619048 0.5865625 0.13178571428571428 0.072109375
1.0 0.7644940476190476 0.62296875 0.18163690476190478 0.0849609375
1.0 0.8488690476190477 0.6098046875 0.15026785714285715 0.0810546875
1.0 0.3812797619047619 0.64453125 0.2194047619047619 0.111015625
1.0 0.3786309523809524 0.5883984375 0.18110119047619047 0.12625
1.0 0.21282738095238096 0.6331640625 0.12529761904761905 0.079921875
1.0 0.20922619047619045 0.602109375 0.11690476190476191 0.050859375
1.0 0.11416666666666667 0.611953125 0.09303571428571429 0.068828125
1.0 0.08422619047619048 0.53359375 0.17479166666666665 0.1317578125
