1.0 0.7292559523809524 0.834296875 0.19654761904761905 0.1858203125
1.0 0.12830357142857143 0.7236328125 0.26211309523809523 0.1275390625
1.0 0.3643452380952381 0.5765625 0.11136904761904762 0.0662109375
1.0 0.5337202380952382 0.6073046875 0.16413690476190476 0.0751953125
1.0 0.6580357142857143 0.601015625 0.13845238095238097 0.0737890625
1.0 0.3812797619047619 0.64453125 0.2194047619047619 0.111015625
1.0 0.3786309523809524 0.5883984375 0.18110119047619047 0.12625
1.0 0.21282738095238096 0.6331640625 0.12529761904761905 0.079921875
1.0 0.20922619047619045 0.602109375 0.11690476190476191 0.050859375
1.0 0.11416666666666667 0.611953125 0.09303571428571429 0.068828125
1.0 0.08422619047619048 0.53359375 0.17479166666666665 0.1317578125
