1.0 0.7292559523809524 0.834296875 0.19654761904761905 0.1858203125
1.0 0.12232142857142858 0.7233984375 0.2501785714285714 0.1269921875
1.0 0.35869047619047617 0.57609375 0.11050595238095239 0.0659375
1.0 0.5266369047619047 0.6066015625 0.16229166666666667 0.074921875
1.0 0.6508630952380953 0.6006640625 0.1374702380952381 0.0731640625
1.0 0.3812797619047619 0.64453125 0.2194047619047619 0.111015625
1.0 0.3786309523809524 0.5883984375 0.18110119047619047 0.12625
1.0 0.21282738095238096 0.6331640625 0.12529761904761905 0.079921875
1.0 0.20922619047619045 0.602109375 0.11690476190476191 0.050859375
1.0 0.11416666666666667 0.611953125 0.09303571428571429 0.068828125
1.0 0.08422619047619048 0.53359375 0.17479166666666665 0.1317578125
