1.0 0.7292559523809524 0.834296875 0.19654761904761905 0.1858203125
1.0 0.07050595238095239 0.7262109375 0.14651785714285714 0.13265625
1.0 0.30800595238095235 0.5721484375 0.10270833333333333 0.06328125
1.0 0.46279761904761907 0.600546875 0.1457440476190476 0.0723046875
1.0 0.5866369047619048 0.59703125 0.13101190476190477 0.0691015625
1.0 0.3812797619047619 0.64453125 0.2194047619047619 0.111015625
1.0 0.3786309523809524 0.5883984375 0.18110119047619047 0.12625
1.0 0.21282738095238096 0.6331640625 0.12529761904761905 0.079921875
1.0 0.20922619047619045 0.602109375 0.11690476190476191 0.050859375
1.0 0.11416666666666667 0.611953125 0.09303571428571429 0.068828125
1.0 0.08422619047619048 0.53359375 0.17479166666666665 0.1317578125
