1.0 0.7292559523809524 0.834296875 0.19654761904761905 0.1858203125
1.0 0.07607142857142857 0.7254296875 0.15767857142857142 0.1311328125
1.0 0.31363095238095234 0.572578125 0.10357142857142856 0.0635546875
1.0 0.46988095238095234 0.601171875 0.14758928571428573 0.0726171875
1.0 0.5934226190476191 0.597265625 0.12961309523809522 0.06828125
1.0 0.3812797619047619 0.64453125 0.2194047619047619 0.111015625
1.0 0.3786309523809524 0.5883984375 0.18110119047619047 0.12625
1.0 0.21282738095238096 0.6331640625 0.12529761904761905 0.079921875
1.0 0.20922619047619045 0.602109375 0.11690476190476191 0.050859375
1.0 0.11416666666666667 0.611953125 0.09303571428571429 0.068828125
1.0 0.08422619047619048 0.53359375 0.17479166666666665 0.1317578125
