1.0 0.7292559523809524 0.834296875 0.19654761904761905 0.1858203125
1.0 0.2562202380952381 0.56859375 0.09577380952380952 0.0609375
1.0 0.3918154761904762 0.5937890625 0.12738095238095237 0.0694140625
1.0 0.5196428571428571 0.5934375 0.1312797619047619 0.06859375
1.0 0.3812797619047619 0.64453125 0.2194047619047619 0.111015625
1.0 0.3786309523809524 0.5883984375 0.18110119047619047 0.12625
1.0 0.21282738095238096 0.6331640625 0.12529761904761905 0.079921875
1.0 0.20922619047619045 0.602109375 0.11690476190476191 0.050859375
1.0 0.11416666666666667 0.611953125 0.09303571428571429 0.068828125
1.0 0.08422619047619048 0.53359375 0.17479166666666665 0.1317578125
