1.0 0.7292559523809524 0.834296875 0.19654761904761905 0.1858203125
1.0 0.9511607142857142 0.685234375 0.14235119047619046 0.11984375
1.0 0.22267857142857142 0.5666796875 0.08699404761904762 0.0609375
1.0 0.3279761904761905 0.58765625 0.11083333333333334 0.066796875
1.0 0.4660416666666667 0.589453125 0.12208333333333335 0.0661328125
1.0 0.863452380952381 0.6169140625 0.18919642857142857 0.1007421875
1.0 0.8199702380952381 0.5984375 0.16413690476190476 0.096484375
1.0 0.3812797619047619 0.64453125 0.2194047619047619 0.111015625
1.0 0.3786309523809524 0.5883984375 0.18110119047619047 0.12625
1.0 0.21282738095238096 0.6331640625 0.12529761904761905 0.079921875
1.0 0.20922619047619045 0.602109375 0.11690476190476191 0.050859375
1.0 0.11416666666666667 0.611953125 0.09303571428571429 0.068828125
1.0 0.08422619047619048 0.53359375 0.17479166666666665 0.1317578125
