1.0 0.7292559523809524 0.834296875 0.19654761904761905 0.1858203125
1.0 0.959047619047619 0.68578125 0.13342261904761904 0.119453125
1.0 0.2251190476190476 0.5673046875 0.08991071428571429 0.0609375
1.0 0.3350595238095238 0.588359375 0.11267857142857143 0.067109375
1.0 0.4718154761904762 0.5898828125 0.12300595238095238 0.06625
1.0 0.8729464285714286 0.6175 0.19017857142857142 0.10109375
1.0 0.3812797619047619 0.64453125 0.2194047619047619 0.111015625
1.0 0.3786309523809524 0.5883984375 0.18110119047619047 0.12625
1.0 0.21282738095238096 0.6331640625 0.12529761904761905 0.079921875
1.0 0.20922619047619045 0.602109375 0.11690476190476191 0.050859375
1.0 0.11416666666666667 0.611953125 0.09303571428571429 0.068828125
1.0 0.08422619047619048 0.53359375 0.17479166666666665 0.1317578125
