1.0 0.7292559523809524 0.834296875 0.19654761904761905 0.1858203125
1.0 0.23 0.56859375 0.09577380952380952 0.0609375
1.0 0.34925595238095236 0.5896875 0.11633928571428573 0.0676953125
1.0 0.48336309523809523 0.59078125 0.12485119047619049 0.06640625
1.0 0.8919345238095238 0.618671875 0.19211309523809522 0.101796875
1.0 0.3812797619047619 0.64453125 0.2194047619047619 0.111015625
1.0 0.3786309523809524 0.5883984375 0.18110119047619047 0.12625
1.0 0.21282738095238096 0.6331640625 0.12529761904761905 0.079921875
1.0 0.20922619047619045 0.602109375 0.11690476190476191 0.050859375
1.0 0.11416666666666667 0.611953125 0.09303571428571429 0.068828125
1.0 0.08422619047619048 0.53359375 0.17479166666666665 0.1317578125
