1.0 0.7292559523809524 0.834296875 0.19654761904761905 0.1858203125
1.0 0.9275892857142858 0.6835546875 0.16913690476190477 0.1209375
1.0 0.21571428571428572 0.565390625 0.07699404761904763 0.0609375
1.0 0.30669642857142854 0.5856640625 0.10532738095238095 0.0659375
1.0 0.44875 0.588125 0.1193452380952381 0.065859375
1.0 0.8349404761904763 0.61515625 0.1863095238095238 0.0996484375
1.0 0.7945535714285715 0.5972265625 0.16148809523809524 0.0951171875
1.0 0.3812797619047619 0.64453125 0.2194047619047619 0.111015625
1.0 0.3786309523809524 0.5883984375 0.18110119047619047 0.12625
1.0 0.21282738095238096 0.6331640625 0.12529761904761905 0.079921875
1.0 0.20922619047619045 0.602109375 0.11690476190476191 0.050859375
1.0 0.11416666666666667 0.611953125 0.09303571428571429 0.068828125
1.0 0.08422619047619048 0.53359375 0.17479166666666665 0.1317578125
