1.0 0.7292559523809524 0.834296875 0.19654761904761905 0.1858203125
1.0 0.8859821428571428 0.6863671875 0.23464285714285715 0.111640625
1.0 0.2641071428571428 0.5816015625 0.09428571428571428 0.06421875
1.0 0.41410714285714284 0.58546875 0.11380952380952382 0.0652734375
1.0 0.7779166666666667 0.611640625 0.18047619047619048 0.0975390625
1.0 0.743720238095238 0.5948046875 0.15619047619047619 0.0924609375
1.0 0.3812797619047619 0.64453125 0.2194047619047619 0.111015625
1.0 0.3786309523809524 0.5883984375 0.18110119047619047 0.12625
1.0 0.21282738095238096 0.6331640625 0.12529761904761905 0.079921875
1.0 0.20922619047619045 0.602109375 0.11690476190476191 0.050859375
1.0 0.11416666666666667 0.611953125 0.09303571428571429 0.068828125
1.0 0.08422619047619048 0.53359375 0.17479166666666665 0.1317578125
