1.0 0.7292559523809524 0.834296875 0.19654761904761905 0.1858203125
1.0 0.865922619047619 0.6865625 0.24535714285714286 0.110703125
1.0 0.2567261904761905 0.580546875 0.09244047619047618 0.0631640625
1.0 0.40255952380952376 0.58453125 0.11196428571428571 0.065078125
1.0 0.7589285714285714 0.61046875 0.17857142857142858 0.096796875
1.0 0.7267559523809524 0.593984375 0.1544047619047619 0.0915625
1.0 0.3812797619047619 0.64453125 0.2194047619047619 0.111015625
1.0 0.3786309523809524 0.5883984375 0.18110119047619047 0.12625
1.0 0.21282738095238096 0.6331640625 0.12529761904761905 0.079921875
1.0 0.20922619047619045 0.602109375 0.11690476190476191 0.050859375
1.0 0.11416666666666667 0.611953125 0.09303571428571429 0.068828125
1.0 0.08422619047619048 0.53359375 0.17479166666666665 0.1317578125
