1.0 0.7292559523809524 0.834296875 0.19654761904761905 0.1858203125
1.0 0.8531845238095238 0.6873046875 0.24583333333333332 0.110859375
1.0 0.25645833333333334 0.5801953125 0.09244047619047618 0.062421875
1.0 0.39678571428571424 0.5841015625 0.11104166666666668 0.065
1.0 0.7494047619047619 0.609921875 0.17758928571428573 0.0964453125
1.0 0.7183035714285714 0.59359375 0.15351190476190477 0.09109375
1.0 0.3812797619047619 0.64453125 0.2194047619047619 0.111015625
1.0 0.3786309523809524 0.5883984375 0.18110119047619047 0.12625
1.0 0.21282738095238096 0.6331640625 0.12529761904761905 0.079921875
1.0 0.20922619047619045 0.602109375 0.11690476190476191 0.050859375
1.0 0.11416666666666667 0.611953125 0.09303571428571429 0.068828125
1.0 0.08422619047619048 0.53359375 0.17479166666666665 0.1317578125
