1.0 0.7292559523809524 0.834296875 0.19654761904761905 0.1858203125
1.0 0.8988988095238094 0.684375 0.21083333333333334 0.1166796875
1.0 0.2074404761904762 0.565390625 0.06038690476190476 0.0609375
1.0 0.27830357142857143 0.5829296875 0.09797619047619048 0.064765625
1.0 0.4256547619047619 0.586328125 0.1156547619047619 0.06546875
1.0 0.7969345238095238 0.6128125 0.18244047619047618 0.0982421875
1.0 0.7606547619047619 0.595625 0.15794642857142857 0.0933203125
1.0 0.3812797619047619 0.64453125 0.2194047619047619 0.111015625
1.0 0.3786309523809524 0.5883984375 0.18110119047619047 0.12625
1.0 0.21282738095238096 0.6331640625 0.12529761904761905 0.079921875
1.0 0.20922619047619045 0.602109375 0.11690476190476191 0.050859375
1.0 0.11416666666666667 0.611953125 0.09303571428571429 0.068828125
1.0 0.08422619047619048 0.53359375 0.17479166666666665 0.1317578125
