1.0 0.7292559523809524 0.834296875 0.19654761904761905 0.1858203125
1.0 0.7767261904761905 0.691875 0.24872023809523808 0.1119140625
1.0 0.2375297619047619 0.57734375 0.08214285714285714 0.0590234375
1.0 0.36220238095238094 0.5814453125 0.1055059523809524 0.0644140625
1.0 0.6923809523809523 0.6063671875 0.1717857142857143 0.0943359375
1.0 0.6674702380952381 0.591171875 0.14821428571428572 0.0884375
1.0 0.3812797619047619 0.64453125 0.2194047619047619 0.111015625
1.0 0.3786309523809524 0.5883984375 0.18110119047619047 0.12625
1.0 0.21282738095238096 0.6331640625 0.12529761904761905 0.079921875
1.0 0.20922619047619045 0.602109375 0.11690476190476191 0.050859375
1.0 0.11416666666666667 0.611953125 0.09303571428571429 0.068828125
1.0 0.08422619047619048 0.53359375 0.17479166666666665 0.1317578125
