1.0 0.7292559523809524 0.834296875 0.19654761904761905 0.1858203125
1.0 0.8404464285714285 0.688046875 0.2463095238095238 0.1110546875
1.0 0.25616071428571424 0.5798046875 0.09244047619047618 0.061640625
1.0 0.3910416666666666 0.583671875 0.11011904761904762 0.0648828125
1.0 0.7398809523809524 0.609296875 0.17660714285714288 0.09609375
1.0 0.7098214285714286 0.5931640625 0.15264880952380952 0.0906640625
1.0 0.3812797619047619 0.64453125 0.2194047619047619 0.111015625
1.0 0.3786309523809524 0.5883984375 0.18110119047619047 0.12625
1.0 0.21282738095238096 0.6331640625 0.12529761904761905 0.079921875
1.0 0.20922619047619045 0.602109375 0.11690476190476191 0.050859375
1.0 0.11416666666666667 0.611953125 0.09303571428571429 0.068828125
1.0 0.08422619047619048 0.53359375 0.17479166666666665 0.1317578125
