1.0 0.7292559523809524 0.834296875 0.19654761904761905 0.1858203125
1.0 0.7639880952380952 0.69265625 0.2491964285714286 0.1120703125
1.0 0.23151785714285716 0.576796875 0.0786904761904762 0.0586328125
1.0 0.35639880952380953 0.5809765625 0.10458333333333333 0.0643359375
1.0 0.6828869047619047 0.6058203125 0.17080357142857144 0.093984375
1.0 0.6589880952380952 0.59078125 0.14732142857142858 0.08796875
1.0 0.3812797619047619 0.64453125 0.2194047619047619 0.111015625
1.0 0.3786309523809524 0.5883984375 0.18110119047619047 0.12625
1.0 0.21282738095238096 0.6331640625 0.12529761904761905 0.079921875
1.0 0.20922619047619045 0.602109375 0.11690476190476191 0.050859375
1.0 0.11416666666666667 0.611953125 0.09303571428571429 0.068828125
1.0 0.08422619047619048 0.53359375 0.17479166666666665 0.1317578125
