1.0 0.7292559523809524 0.834296875 0.19654761904761905 0.1858203125
1.0 0.30508928571428573 0.718828125 0.25705357142857144 0.1178515625
1.0 0.39086309523809526 0.5887890625 0.12785714285714286 0.0801953125
1.0 0.4174107142857143 0.5774609375 0.1194047619047619 0.080390625
1.0 0.9233928571428571 0.6203125 0.16526785714285713 0.10625
1.0 0.3812797619047619 0.64453125 0.2194047619047619 0.111015625
1.0 0.3786309523809524 0.5883984375 0.18110119047619047 0.12625
1.0 0.21282738095238096 0.6331640625 0.12529761904761905 0.079921875
1.0 0.20922619047619045 0.602109375 0.11690476190476191 0.050859375
1.0 0.11416666666666667 0.611953125 0.09303571428571429 0.068828125
1.0 0.08422619047619048 0.53359375 0.17479166666666665 0.1317578125
