1.0 0.7292559523809524 0.834296875 0.19654761904761905 0.1858203125
1.0 0.13851190476190475 0.7259375 0.25407738095238097 0.1234375
1.0 0.8924702380952381 0.689765625 0.21982142857142856 0.1228125
1.0 0.29446428571428573 0.583359375 0.11089285714285714 0.075078125
1.0 0.35065476190476186 0.5730078125 0.11059523809523808 0.080390625
1.0 0.8164583333333333 0.6143359375 0.17767857142857144 0.0987890625
1.0 0.3812797619047619 0.64453125 0.2194047619047619 0.111015625
1.0 0.3786309523809524 0.5883984375 0.18110119047619047 0.12625
1.0 0.21282738095238096 0.6331640625 0.12529761904761905 0.079921875
1.0 0.20922619047619045 0.602109375 0.11690476190476191 0.050859375
1.0 0.11416666666666667 0.611953125 0.09303571428571429 0.068828125
1.0 0.08422619047619048 0.53359375 0.17479166666666665 0.1317578125
