1.0 0.7292559523809524 0.834296875 0.19654761904761905 0.1858203125
1.0 0.18797619047619046 0.7246484375 0.2598511904761905 0.1208984375
1.0 0.9177678571428571 0.689375 0.17779761904761907 0.1283984375
1.0 0.32410714285714287 0.585 0.11610119047619047 0.076640625
1.0 0.37122023809523813 0.574375 0.11333333333333333 0.080390625
1.0 0.8519940476190475 0.6167578125 0.17916666666666667 0.1000390625
1.0 0.3812797619047619 0.64453125 0.2194047619047619 0.111015625
1.0 0.3786309523809524 0.5883984375 0.18110119047619047 0.12625
1.0 0.21282738095238096 0.6331640625 0.12529761904761905 0.079921875
1.0 0.20922619047619045 0.602109375 0.11690476190476191 0.050859375
1.0 0.11416666666666667 0.611953125 0.09303571428571429 0.068828125
1.0 0.08422619047619048 0.53359375 0.17479166666666665 0.1317578125
