1.0 0.7292559523809524 0.834296875 0.19654761904761905 0.1858203125
1.0 0.1075 0.7249609375 0.20958333333333334 0.121484375
1.0 0.8607142857142857 0.6929296875 0.24526785714285712 0.11421875
1.0 0.2693154761904762 0.5810546875 0.10651785714285714 0.0730078125
1.0 0.33011904761904765 0.571640625 0.10788690476190477 0.080390625
1.0 0.7799999999999999 0.6148046875 0.17476190476190476 0.0978515625
1.0 0.3812797619047619 0.64453125 0.2194047619047619 0.111015625
1.0 0.3786309523809524 0.5883984375 0.18110119047619047 0.12625
1.0 0.21282738095238096 0.6331640625 0.12529761904761905 0.079921875
1.0 0.20922619047619045 0.602109375 0.11690476190476191 0.050859375
1.0 0.11416666666666667 0.611953125 0.09303571428571429 0.068828125
1.0 0.08422619047619048 0.53359375 0.17479166666666665 0.1317578125
