1.0 0.7292559523809524 0.834296875 0.19654761904761905 0.1858203125
1.0 0.09202380952380954 0.7244921875 0.18735119047619048 0.120546875
1.0 0.837202380952381 0.6942578125 0.24592261904761903 0.11421875
1.0 0.2635119047619048 0.5790234375 0.10562500000000001 0.07125
1.0 0.3198511904761905 0.5709375 0.10654761904761904 0.080390625
1.0 0.7617559523809524 0.6150390625 0.17330357142857142 0.09734375
1.0 0.3812797619047619 0.64453125 0.2194047619047619 0.111015625
1.0 0.3786309523809524 0.5883984375 0.18110119047619047 0.12625
1.0 0.21282738095238096 0.6331640625 0.12529761904761905 0.079921875
1.0 0.20922619047619045 0.602109375 0.11690476190476191 0.050859375
1.0 0.11416666666666667 0.611953125 0.09303571428571429 0.068828125
1.0 0.08422619047619048 0.53359375 0.17479166666666665 0.1317578125
