1.0 0.7292559523809524 0.834296875 0.19654761904761905 0.1858203125
1.0 0.07288690476190476 0.7280078125 0.14907738095238096 0.127578125
1.0 0.8019345238095238 0.6962109375 0.24690476190476188 0.11421875
1.0 0.25479166666666664 0.5759375 0.10428571428571429 0.06859375
1.0 0.3044642857142857 0.569921875 0.10452380952380952 0.080390625
1.0 0.7375 0.6136328125 0.17113095238095238 0.0952734375
1.0 0.3812797619047619 0.64453125 0.2194047619047619 0.111015625
1.0 0.3786309523809524 0.5883984375 0.18110119047619047 0.12625
1.0 0.21282738095238096 0.6331640625 0.12529761904761905 0.079921875
1.0 0.20922619047619045 0.602109375 0.11690476190476191 0.050859375
1.0 0.11416666666666667 0.611953125 0.09303571428571429 0.068828125
1.0 0.08422619047619048 0.53359375 0.17479166666666665 0.1317578125
