1.0 0.7292559523809524 0.834296875 0.19654761904761905 0.1858203125
1.0 0.27788690476190475 0.7228125 0.26086309523809526 0.1192578125
1.0 0.9073809523809524 0.68703125 0.19940476190476192 0.122421875
1.0 0.40976190476190477 0.5903125 0.12747023809523808 0.0800390625
1.0 0.740922619047619 0.6069140625 0.1650297619047619 0.07296875
1.0 0.3812797619047619 0.64453125 0.2194047619047619 0.111015625
1.0 0.3786309523809524 0.5883984375 0.18110119047619047 0.12625
1.0 0.21282738095238096 0.6331640625 0.12529761904761905 0.079921875
1.0 0.20922619047619045 0.602109375 0.11690476190476191 0.050859375
1.0 0.11416666666666667 0.611953125 0.09303571428571429 0.068828125
1.0 0.08422619047619048 0.53359375 0.17479166666666665 0.1317578125
