1.0 0.7292559523809524 0.834296875 0.19654761904761905 0.1858203125
1.0 0.18038690476190475 0.726953125 0.2632738095238095 0.121796875
1.0 0.8636904761904761 0.69 0.26404761904761903 0.1171875
1.0 0.35529761904761903 0.585625 0.11735119047619047 0.0800390625
1.0 0.6750297619047619 0.6034765625 0.15976190476190477 0.0709765625
1.0 0.3812797619047619 0.64453125 0.2194047619047619 0.111015625
1.0 0.3786309523809524 0.5883984375 0.18110119047619047 0.12625
1.0 0.21282738095238096 0.6331640625 0.12529761904761905 0.079921875
1.0 0.20922619047619045 0.602109375 0.11690476190476191 0.050859375
1.0 0.11416666666666667 0.611953125 0.09303571428571429 0.068828125
1.0 0.08422619047619048 0.53359375 0.17479166666666665 0.1317578125
