1.0 0.7292559523809524 0.834296875 0.19654761904761905 0.1858203125
1.0 0.09267857142857143 0.728515625 0.18574404761904761 0.1205859375
1.0 0.7659523809523809 0.6969921875 0.27011904761904765 0.120546875
1.0 0.28720238095238093 0.579765625 0.10470238095238095 0.0800390625
1.0 0.5960416666666667 0.599921875 0.14842261904761905 0.0680859375
1.0 0.3812797619047619 0.64453125 0.2194047619047619 0.111015625
1.0 0.3786309523809524 0.5883984375 0.18110119047619047 0.12625
1.0 0.21282738095238096 0.6331640625 0.12529761904761905 0.079921875
1.0 0.20922619047619045 0.602109375 0.11690476190476191 0.050859375
1.0 0.11416666666666667 0.611953125 0.09303571428571429 0.068828125
1.0 0.08422619047619048 0.53359375 0.17479166666666665 0.1317578125
