1.0 0.7292559523809524 0.834296875 0.19654761904761905 0.1858203125
1.0 0.6780059523809524 0.70328125 0.27559523809523806 0.123515625
1.0 0.2523809523809524 0.575078125 0.09696428571428571 0.0683203125
1.0 0.5261904761904762 0.594921875 0.13398809523809524 0.066953125
1.0 0.8846726190476191 0.6201953125 0.18613095238095237 0.0975
1.0 0.3812797619047619 0.64453125 0.2194047619047619 0.111015625
1.0 0.3786309523809524 0.5883984375 0.18110119047619047 0.12625
1.0 0.21282738095238096 0.6331640625 0.12529761904761905 0.079921875
1.0 0.20922619047619045 0.602109375 0.11690476190476191 0.050859375
1.0 0.11416666666666667 0.611953125 0.09303571428571429 0.068828125
1.0 0.08422619047619048 0.53359375 0.17479166666666665 0.1317578125
