1.0 0.7292559523809524 0.834296875 0.19654761904761905 0.1858203125
1.0 0.5599404761904762 0.710859375 0.28202380952380957 0.12703125
1.0 0.4491666666666666 0.58921875 0.11880952380952381 0.06515625
1.0 0.7822023809523809 0.613046875 0.1762202380952381 0.0948046875
1.0 0.3812797619047619 0.64453125 0.2194047619047619 0.111015625
1.0 0.3786309523809524 0.5883984375 0.18110119047619047 0.12625
1.0 0.21282738095238096 0.6331640625 0.12529761904761905 0.079921875
1.0 0.20922619047619045 0.602109375 0.11690476190476191 0.050859375
1.0 0.11416666666666667 0.611953125 0.09303571428571429 0.068828125
1.0 0.08422619047619048 0.53359375 0.17479166666666665 0.1317578125
