1.0 0.7292559523809524 0.834296875 0.19654761904761905 0.1858203125
1.0 0.6193452380952381 0.7074609375 0.27922619047619046 0.1255078125
1.0 0.23252976190476188 0.57171875 0.07568452380952381 0.0678125
1.0 0.48520833333333335 0.5916015625 0.1249702380952381 0.066328125
1.0 0.8347321428571429 0.6171484375 0.18473214285714284 0.0952734375
1.0 0.3812797619047619 0.64453125 0.2194047619047619 0.111015625
1.0 0.3786309523809524 0.5883984375 0.18110119047619047 0.12625
1.0 0.21282738095238096 0.6331640625 0.12529761904761905 0.079921875
1.0 0.20922619047619045 0.602109375 0.11690476190476191 0.050859375
1.0 0.11416666666666667 0.611953125 0.09303571428571429 0.068828125
1.0 0.08422619047619048 0.53359375 0.17479166666666665 0.1317578125
