1.0 0.7292559523809524 0.834296875 0.19654761904761905 0.1858203125
1.0 0.24901785714285715 0.7241015625 0.29208333333333336 0.1323046875
1.0 0.26964285714285713 0.57703125 0.08913690476190476 0.059375
1.0 0.5443154761904762 0.6018359375 0.146875 0.0830859375
1.0 0.8742261904761905 0.6053125 0.2004166666666667 0.101796875
1.0 0.27455357142857145 0.5496875 0.08738095238095238 0.0462109375
1.0 0.3812797619047619 0.64453125 0.2194047619047619 0.111015625
1.0 0.3786309523809524 0.5883984375 0.18110119047619047 0.12625
1.0 0.21282738095238096 0.6331640625 0.12529761904761905 0.079921875
1.0 0.20922619047619045 0.602109375 0.11690476190476191 0.050859375
1.0 0.11416666666666667 0.611953125 0.09303571428571429 0.068828125
1.0 0.08422619047619048 0.53359375 0.17479166666666665 0.1317578125
