1.0 0.7292559523809524 0.834296875 0.19654761904761905 0.1858203125
1.0 0.2791071428571429 0.7228515625 0.2911011904761905 0.131796875
1.0 0.28095238095238095 0.5780859375 0.09017857142857143 0.0595703125
1.0 0.5669940476190476 0.603046875 0.14928571428571427 0.0841796875
1.0 0.8964285714285714 0.6065625 0.20327380952380952 0.1027734375
1.0 0.26029761904761906 0.55 0.08538690476190476 0.0455078125
1.0 0.3812797619047619 0.64453125 0.2194047619047619 0.111015625
1.0 0.3786309523809524 0.5883984375 0.18110119047619047 0.12625
1.0 0.21282738095238096 0.6331640625 0.12529761904761905 0.079921875
1.0 0.20922619047619045 0.602109375 0.11690476190476191 0.050859375
1.0 0.11416666666666667 0.611953125 0.09303571428571429 0.068828125
1.0 0.08422619047619048 0.53359375 0.17479166666666665 0.1317578125
