1.0 0.7292559523809524 0.834296875 0.19654761904761905 0.1858203125
1.0 0.1469940476190476 0.7284375 0.2964583333333333 0.1348046875
1.0 0.23461309523809523 0.57296875 0.08050595238095239 0.0575
1.0 0.4828273809523809 0.5975390625 0.1367559523809524 0.080546875
1.0 0.8001785714285715 0.601171875 0.19098214285714285 0.0984765625
1.0 0.32202380952380955 0.548671875 0.09407738095238095 0.0485546875
1.0 0.3812797619047619 0.64453125 0.2194047619047619 0.111015625
1.0 0.3786309523809524 0.5883984375 0.18110119047619047 0.12625
1.0 0.21282738095238096 0.6331640625 0.12529761904761905 0.079921875
1.0 0.20922619047619045 0.602109375 0.11690476190476191 0.050859375
1.0 0.11416666666666667 0.611953125 0.09303571428571429 0.068828125
1.0 0.08422619047619048 0.53359375 0.17479166666666665 0.1317578125
