1.0 0.7292559523809524 0.834296875 0.19654761904761905 0.1858203125
1.0 0.08208333333333333 0.7290625 0.19163690476190476 0.136015625
1.0 0.4169940476190477 0.592734375 0.12535714285714286 0.0778515625
1.0 0.721875 0.5975 0.18101190476190476 0.0926953125
1.0 0.3900595238095238 0.5527734375 0.10145833333333334 0.0511328125
1.0 0.3812797619047619 0.64453125 0.2194047619047619 0.111015625
1.0 0.3786309523809524 0.5883984375 0.18110119047619047 0.12625
1.0 0.21282738095238096 0.6331640625 0.12529761904761905 0.079921875
1.0 0.20922619047619045 0.602109375 0.11690476190476191 0.050859375
1.0 0.11416666666666667 0.611953125 0.09303571428571429 0.068828125
1.0 0.08422619047619048 0.53359375 0.17479166666666665 0.1317578125
