1.0 0.7292559523809524 0.834296875 0.19654761904761905 0.1858203125
1.0 0.049940476190476195 0.7298828125 0.12735119047619048 0.1376953125
1.0 0.38107142857142856 0.5901171875 0.11916666666666667 0.07640625
1.0 0.682202380952381 0.5963671875 0.17601190476190476 0.0875
1.0 0.9138392857142857 0.627421875 0.17672619047619048 0.082109375
1.0 0.42806547619047625 0.5552734375 0.10547619047619047 0.0525390625
1.0 0.3812797619047619 0.64453125 0.2194047619047619 0.111015625
1.0 0.3786309523809524 0.5883984375 0.18110119047619047 0.12625
1.0 0.21282738095238096 0.6331640625 0.12529761904761905 0.079921875
1.0 0.20922619047619045 0.602109375 0.11690476190476191 0.050859375
1.0 0.11416666666666667 0.611953125 0.09303571428571429 0.068828125
1.0 0.08422619047619048 0.53359375 0.17479166666666665 0.1317578125
