1.0 0.7292559523809524 0.834296875 0.19654761904761905 0.1858203125
1.0 0.3032440476190476 0.584453125 0.1056845238095238 0.0732421875
1.0 0.6010416666666666 0.5910546875 0.16214285714285714 0.0830859375
1.0 0.8055952380952381 0.6205078125 0.16854166666666667 0.0803125
1.0 0.5109821428571428 0.559296875 0.11482142857142856 0.0544921875
1.0 0.3812797619047619 0.64453125 0.2194047619047619 0.111015625
1.0 0.3786309523809524 0.5883984375 0.18110119047619047 0.12625
1.0 0.21282738095238096 0.6331640625 0.12529761904761905 0.079921875
1.0 0.20922619047619045 0.602109375 0.11690476190476191 0.050859375
1.0 0.11416666666666667 0.611953125 0.09303571428571429 0.068828125
1.0 0.08422619047619048 0.53359375 0.17479166666666665 0.1317578125
