1.0 0.7292559523809524 0.834296875 0.19654761904761905 0.1858203125
1.0 0.32122023809523814 0.58578125 0.10880952380952381 0.0739453125
1.0 0.6195833333333334 0.592421875 0.16547619047619047 0.083828125
1.0 0.8297619047619048 0.622109375 0.17041666666666666 0.0809375
1.0 0.4913690476190476 0.5594140625 0.11217261904761903 0.054921875
1.0 0.3812797619047619 0.64453125 0.2194047619047619 0.111015625
1.0 0.3786309523809524 0.5883984375 0.18110119047619047 0.12625
1.0 0.21282738095238096 0.6331640625 0.12529761904761905 0.079921875
1.0 0.20922619047619045 0.602109375 0.11690476190476191 0.050859375
1.0 0.11416666666666667 0.611953125 0.09303571428571429 0.068828125
1.0 0.08422619047619048 0.53359375 0.17479166666666665 0.1317578125
