1.0 0.7292559523809524 0.834296875 0.19654761904761905 0.1858203125
1.0 0.3092261904761905 0.5848828125 0.10672619047619047 0.0734765625
1.0 0.607202380952381 0.5915625 0.16324404761904762 0.0833203125
1.0 0.8136607142857143 0.6210546875 0.1691666666666667 0.0805078125
1.0 0.5044345238095238 0.5593359375 0.11395833333333333 0.054609375
1.0 0.3812797619047619 0.64453125 0.2194047619047619 0.111015625
1.0 0.3786309523809524 0.5883984375 0.18110119047619047 0.12625
1.0 0.21282738095238096 0.6331640625 0.12529761904761905 0.079921875
1.0 0.20922619047619045 0.602109375 0.11690476190476191 0.050859375
1.0 0.11416666666666667 0.611953125 0.09303571428571429 0.068828125
1.0 0.08422619047619048 0.53359375 0.17479166666666665 0.1317578125
