1.0 0.7292559523809524 0.834296875 0.19654761904761905 0.1858203125
1.0 0.3511309523809524 0.5879296875 0.11398809523809524 0.0751953125
1.0 0.6504464285714286 0.5946484375 0.17101190476190475 0.0850390625
1.0 0.8714583333333333 0.62484375 0.17485119047619047 0.081796875
1.0 0.459702380952381 0.55734375 0.10880952380952381 0.05375
1.0 0.3812797619047619 0.64453125 0.2194047619047619 0.111015625
1.0 0.3786309523809524 0.5883984375 0.18110119047619047 0.12625
1.0 0.21282738095238096 0.6331640625 0.12529761904761905 0.079921875
1.0 0.20922619047619045 0.602109375 0.11690476190476191 0.050859375
1.0 0.11416666666666667 0.611953125 0.09303571428571429 0.068828125
1.0 0.08422619047619048 0.53359375 0.17479166666666665 0.1317578125
