1.0 0.7292559523809524 0.834296875 0.19654761904761905 0.1858203125
1.0 0.3451488095238095 0.5875 0.11294642857142859 0.074921875
1.0 0.6442559523809523 0.5941796875 0.1699107142857143 0.084765625
1.0 0.8620238095238095 0.6242578125 0.17291666666666666 0.081796875
1.0 0.4660119047619048 0.5577734375 0.10949404761904762 0.053984375
1.0 0.3812797619047619 0.64453125 0.2194047619047619 0.111015625
1.0 0.3786309523809524 0.5883984375 0.18110119047619047 0.12625
1.0 0.21282738095238096 0.6331640625 0.12529761904761905 0.079921875
1.0 0.20922619047619045 0.602109375 0.11690476190476191 0.050859375
1.0 0.11416666666666667 0.611953125 0.09303571428571429 0.068828125
1.0 0.08422619047619048 0.53359375 0.17479166666666665 0.1317578125
