1.0 0.7292559523809524 0.834296875 0.19654761904761905 0.1858203125
1.0 0.2559821428571429 0.573203125 0.09113095238095238 0.06390625
1.0 0.5434523809523809 0.585546875 0.16101190476190477 0.0805859375
1.0 0.725 0.6150390625 0.16229166666666667 0.078125
1.0 0.8829464285714286 0.61625 0.15797619047619046 0.078984375
1.0 0.578422619047619 0.56 0.1219047619047619 0.0533203125
1.0 0.3812797619047619 0.64453125 0.2194047619047619 0.111015625
1.0 0.3786309523809524 0.5883984375 0.18110119047619047 0.12625
1.0 0.21282738095238096 0.6331640625 0.12529761904761905 0.079921875
1.0 0.20922619047619045 0.602109375 0.11690476190476191 0.050859375
1.0 0.11416666666666667 0.611953125 0.09303571428571429 0.068828125
1.0 0.08422619047619048 0.53359375 0.17479166666666665 0.1317578125
