1.0 0.7292559523809524 0.834296875 0.19654761904761905 0.1858203125
1.0 0.25880952380952377 0.5753515625 0.09321428571428572 0.0658984375
1.0 0.5491666666666667 0.58609375 0.16101190476190477 0.0808203125
1.0 0.7330357142857143 0.6155859375 0.16291666666666668 0.078359375
1.0 0.8902678571428572 0.616796875 0.16002976190476192 0.078984375
1.0 0.5708630952380952 0.55953125 0.1219047619047619 0.0533203125
1.0 0.3812797619047619 0.64453125 0.2194047619047619 0.111015625
1.0 0.3786309523809524 0.5883984375 0.18110119047619047 0.12625
1.0 0.21282738095238096 0.6331640625 0.12529761904761905 0.079921875
1.0 0.20922619047619045 0.602109375 0.11690476190476191 0.050859375
1.0 0.11416666666666667 0.611953125 0.09303571428571429 0.068828125
1.0 0.08422619047619048 0.53359375 0.17479166666666665 0.1317578125
