1.0 0.7292559523809524 0.834296875 0.19654761904761905 0.1858203125
1.0 0.21714285714285714 0.57046875 0.08488095238095238 0.0608984375
1.0 0.49940476190476196 0.5829296875 0.1532440476190476 0.079453125
1.0 0.6581845238095239 0.6118359375 0.1573809523809524 0.077265625
1.0 0.8209821428571429 0.6128515625 0.15172619047619046 0.0766015625
1.0 0.6425595238095239 0.5629296875 0.12720238095238096 0.0550390625
1.0 0.3812797619047619 0.64453125 0.2194047619047619 0.111015625
1.0 0.3786309523809524 0.5883984375 0.18110119047619047 0.12625
1.0 0.21282738095238096 0.6331640625 0.12529761904761905 0.079921875
1.0 0.20922619047619045 0.602109375 0.11690476190476191 0.050859375
1.0 0.11416666666666667 0.611953125 0.09303571428571429 0.068828125
1.0 0.08422619047619048 0.53359375 0.17479166666666665 0.1317578125
