1.0 0.7292559523809524 0.834296875 0.19654761904761905 0.1858203125
1.0 0.22610119047619048 0.573203125 0.09113095238095238 0.06390625
1.0 0.5091964285714285 0.5834765625 0.1549702380952381 0.0796875
1.0 0.6716666666666666 0.61234375 0.15916666666666665 0.0776953125
1.0 0.8346428571428571 0.61359375 0.15279761904761907 0.0771875
1.0 0.6287499999999999 0.562421875 0.12544642857142857 0.054453125
1.0 0.3812797619047619 0.64453125 0.2194047619047619 0.111015625
1.0 0.3786309523809524 0.5883984375 0.18110119047619047 0.12625
1.0 0.21282738095238096 0.6331640625 0.12529761904761905 0.079921875
1.0 0.20922619047619045 0.602109375 0.11690476190476191 0.050859375
1.0 0.11416666666666667 0.611953125 0.09303571428571429 0.068828125
1.0 0.08422619047619048 0.53359375 0.17479166666666665 0.1317578125
