1.0 0.7292559523809524 0.834296875 0.19654761904761905 0.1858203125
1.0 0.2126785714285714 0.5690625 0.08175595238095237 0.059375
1.0 0.49449404761904764 0.5826171875 0.1523809523809524 0.0793359375
1.0 0.6514285714285715 0.6116015625 0.15648809523809523 0.07703125
1.0 0.8141666666666667 0.6125390625 0.15119047619047618 0.0762890625
1.0 0.6494642857142857 0.563125 0.1280952380952381 0.0553515625
1.0 0.3812797619047619 0.64453125 0.2194047619047619 0.111015625
1.0 0.3786309523809524 0.5883984375 0.18110119047619047 0.12625
1.0 0.21282738095238096 0.6331640625 0.12529761904761905 0.079921875
1.0 0.20922619047619045 0.602109375 0.11690476190476191 0.050859375
1.0 0.11416666666666667 0.611953125 0.09303571428571429 0.068828125
1.0 0.08422619047619048 0.53359375 0.17479166666666665 0.1317578125
