1.0 0.7292559523809524 0.834296875 0.19654761904761905 0.1858203125
1.0 0.2037202380952381 0.5662890625 0.07550595238095238 0.0563671875
1.0 0.484702380952381 0.58203125 0.1506547619047619 0.0790625
1.0 0.6379464285714286 0.6111328125 0.15467261904761903 0.0766015625
1.0 0.8005059523809525 0.6118359375 0.15014880952380955 0.075703125
1.0 0.6633035714285714 0.5636328125 0.12985119047619048 0.0559375
1.0 0.3812797619047619 0.64453125 0.2194047619047619 0.111015625
1.0 0.3786309523809524 0.5883984375 0.18110119047619047 0.12625
1.0 0.21282738095238096 0.6331640625 0.12529761904761905 0.079921875
1.0 0.20922619047619045 0.602109375 0.11690476190476191 0.050859375
1.0 0.11416666666666667 0.611953125 0.09303571428571429 0.068828125
1.0 0.08422619047619048 0.53359375 0.17479166666666665 0.1317578125
