1.0 0.7292559523809524 0.834296875 0.19654761904761905 0.1858203125
1.0 0.19922619047619047 0.564921875 0.07238095238095238 0.05484375
1.0 0.47982142857142857 0.581796875 0.14979166666666666 0.0789453125
1.0 0.6311607142857143 0.6108984375 0.15377976190476192 0.0763671875
1.0 0.7936904761904762 0.611484375 0.14961309523809524 0.075390625
1.0 0.6697321428571429 0.563828125 0.1301190476190476 0.05625
1.0 0.3812797619047619 0.64453125 0.2194047619047619 0.111015625
1.0 0.3786309523809524 0.5883984375 0.18110119047619047 0.12625
1.0 0.21282738095238096 0.6331640625 0.12529761904761905 0.079921875
1.0 0.20922619047619045 0.602109375 0.11690476190476191 0.050859375
1.0 0.11416666666666667 0.611953125 0.09303571428571429 0.068828125
1.0 0.08422619047619048 0.53359375 0.17479166666666665 0.1317578125
