1.0 0.7292559523809524 0.834296875 0.19654761904761905 0.1858203125
1.0 0.3574107142857143 0.57453125 0.12824404761904762 0.0758203125
1.0 0.46934523809523804 0.6019140625 0.13125 0.0700390625
1.0 0.6275297619047618 0.60265625 0.1363988095238095 0.0678515625
1.0 0.8247916666666667 0.567109375 0.13892857142857143 0.066328125
1.0 0.3812797619047619 0.64453125 0.2194047619047619 0.111015625
1.0 0.3786309523809524 0.5883984375 0.18110119047619047 0.12625
1.0 0.21282738095238096 0.6331640625 0.12529761904761905 0.079921875
1.0 0.20922619047619045 0.602109375 0.11690476190476191 0.050859375
1.0 0.11416666666666667 0.611953125 0.09303571428571429 0.068828125
1.0 0.08422619047619048 0.53359375 0.17479166666666665 0.1317578125
