1.0 0.7292559523809524 0.834296875 0.19654761904761905 0.1858203125
1.0 0.38190476190476186 0.5759765625 0.1325595238095238 0.0764453125
1.0 0.4999702380952381 0.604453125 0.13577380952380952 0.071484375
1.0 0.6571428571428571 0.6044140625 0.13904761904761903 0.069375
1.0 0.7965773809523808 0.566875 0.13711309523809523 0.06453125
1.0 0.3812797619047619 0.64453125 0.2194047619047619 0.111015625
1.0 0.3786309523809524 0.5883984375 0.18110119047619047 0.12625
1.0 0.21282738095238096 0.6331640625 0.12529761904761905 0.079921875
1.0 0.20922619047619045 0.602109375 0.11690476190476191 0.050859375
1.0 0.11416666666666667 0.611953125 0.09303571428571429 0.068828125
1.0 0.08422619047619048 0.53359375 0.17479166666666665 0.1317578125
