1.0 0.7292559523809524 0.834296875 0.19654761904761905 0.1858203125
1.0 0.33291666666666664 0.5730859375 0.12392857142857143 0.0751953125
1.0 0.43875 0.5993359375 0.12675595238095239 0.06859375
1.0 0.5978571428571429 0.600859375 0.1337797619047619 0.0663671875
1.0 0.8995833333333333 0.624140625 0.20089285714285715 0.096484375
1.0 0.8529761904761906 0.56796875 0.13892857142857143 0.066328125
1.0 0.3812797619047619 0.64453125 0.2194047619047619 0.111015625
1.0 0.3786309523809524 0.5883984375 0.18110119047619047 0.12625
1.0 0.21282738095238096 0.6331640625 0.12529761904761905 0.079921875
1.0 0.20922619047619045 0.602109375 0.11690476190476191 0.050859375
1.0 0.11416666666666667 0.611953125 0.09303571428571429 0.068828125
1.0 0.08422619047619048 0.53359375 0.17479166666666665 0.1317578125
