1.0 0.7292559523809524 0.834296875 0.19654761904761905 0.1858203125
1.0 0.308452380952381 0.571640625 0.11961309523809523 0.07453125
1.0 0.40815476190476185 0.596796875 0.12223214285714286 0.0671484375
1.0 0.5682440476190477 0.599140625 0.13113095238095238 0.06484375
1.0 0.8573214285714286 0.6226953125 0.19428571428571428 0.0932421875
1.0 0.8758035714285713 0.57125 0.13580357142857144 0.063046875
1.0 0.3812797619047619 0.64453125 0.2194047619047619 0.111015625
1.0 0.3786309523809524 0.5883984375 0.18110119047619047 0.12625
1.0 0.21282738095238096 0.6331640625 0.12529761904761905 0.079921875
1.0 0.20922619047619045 0.602109375 0.11690476190476191 0.050859375
1.0 0.11416666666666667 0.611953125 0.09303571428571429 0.068828125
1.0 0.08422619047619048 0.53359375 0.17479166666666665 0.1317578125
