1.0 0.7292559523809524 0.834296875 0.19654761904761905 0.1858203125
1.0 0.27907738095238094 0.569921875 0.11446428571428571 0.0737890625
1.0 0.37142857142857144 0.5937109375 0.11684523809523809 0.0654296875
1.0 0.5369047619047619 0.597265625 0.12747023809523808 0.0632421875
1.0 0.8066071428571429 0.620859375 0.1863690476190476 0.089375
1.0 0.9055654761904761 0.572578125 0.13806547619047618 0.0644921875
1.0 0.3812797619047619 0.64453125 0.2194047619047619 0.111015625
1.0 0.3786309523809524 0.5883984375 0.18110119047619047 0.12625
1.0 0.21282738095238096 0.6331640625 0.12529761904761905 0.079921875
1.0 0.20922619047619045 0.602109375 0.11690476190476191 0.050859375
1.0 0.11416666666666667 0.611953125 0.09303571428571429 0.068828125
1.0 0.08422619047619048 0.53359375 0.17479166666666665 0.1317578125
