1.0 0.7292559523809524 0.834296875 0.19654761904761905 0.1858203125
1.0 0.23386904761904762 0.562890625 0.11014880952380952 0.0644921875
1.0 0.31020833333333336 0.5885546875 0.10782738095238094 0.0625390625
1.0 0.4851190476190476 0.5940234375 0.12205357142857143 0.062421875
1.0 0.7220833333333333 0.6179296875 0.17318452380952382 0.08296875
1.0 0.948125 0.57421875 0.12020833333333333 0.0686328125
1.0 0.3812797619047619 0.64453125 0.2194047619047619 0.111015625
1.0 0.3786309523809524 0.5883984375 0.18110119047619047 0.12625
1.0 0.21282738095238096 0.6331640625 0.12529761904761905 0.079921875
1.0 0.20922619047619045 0.602109375 0.11690476190476191 0.050859375
1.0 0.11416666666666667 0.611953125 0.09303571428571429 0.068828125
1.0 0.08422619047619048 0.53359375 0.17479166666666665 0.1317578125
