0.0 0.6280654761904761 0.500078125 0.10571428571428572 0.2948828125
0.0 0.3924702380952381 0.6867578125 0.10976190476190477 0.331171875
0.0 0.6984821428571428 0.496484375 0.07744047619047618 0.304453125
0.0 0.4626190476190476 0.583828125 0.080625 0.2846875
0.0 0.4947619047619048 0.658125 0.08636904761904762 0.3325390625
0.0 0.39976190476190476 0.9466015625 0.14202380952380952 0.1183984375
0.0 0.14639880952380951 0.9025 0.11898809523809523 0.2116015625
0.0 0.6406547619047619 0.82125 0.12955357142857143 0.340078125
0.0 0.15889880952380953 0.3453125 0.08235119047619048 0.15125
0.0 0.49955357142857143 0.8103125 0.11898809523809523 0.36578125
