0.0 0.5148511904761905 0.1409375 0.0886904761904762 0.282421875
0.0 0.32232142857142854 0.3100390625 0.11544642857142857 0.326875
0.0 0.6157440476190476 0.13375 0.11464285714285716 0.2790625
0.0 0.38872023809523815 0.2103515625 0.080625 0.2846875
0.0 0.4184821428571429 0.2821484375 0.08636904761904762 0.3325390625
0.0 0.45863095238095236 0.548984375 0.1381845238095238 0.3694921875
0.0 0.6483333333333333 0.357109375 0.08252976190476191 0.3854296875
0.0 0.9563690476190475 0.4440234375 0.10366071428571429 0.1914453125
0.0 0.27976190476190477 0.73890625 0.15041666666666667 0.3594921875
0.0 0.4566071428571428 0.8444921875 0.1362797619047619 0.2519140625
0.0 0.5754166666666667 0.6658203125 0.14318452380952382 0.1934765625
0.0 0.5174702380952381 0.3469921875 0.1224404761904762 0.364765625
0.0 0.05071428571428571 0.741484375 0.11267857142857143 0.22828125
0.0 0.23886904761904765 0.8660546875 0.14889880952380952 0.27234375
