0.0 0.5679166666666666 0.13859375 0.10458333333333333 0.2784765625
0.0 0.6787797619047619 0.0963671875 0.09452380952380952 0.3224609375
0.0 0.8725 0.1747265625 0.10711309523809524 0.3390625
0.0 0.4677976190476191 0.29296875 0.13107142857142856 0.3408203125
0.0 0.6881547619047619 0.65625 0.1343452380952381 0.274609375
0.0 0.8095535714285714 0.48515625 0.12666666666666668 0.1788671875
0.0 0.2650892857142857 0.5383984375 0.12985119047619048 0.22828125
0.0 0.4782440476190476 0.39453125 0.1550595238095238 0.3298828125
0.0 0.5067261904761905 0.6837890625 0.19068452380952378 0.437109375
0.0 0.4477380952380952 0.6505859375 0.12476190476190477 0.3493359375
0.0 0.2924702380952381 0.728671875 0.17467261904761905 0.3627734375
0.0 0.8836309523809524 0.8440625 0.14779761904761904 0.156171875
0.0 0.7442857142857143 0.9183203125 0.10556547619047618 0.1687890625
0.0 0.9563690476190475 0.92515625 0.1113095238095238 0.14609375
