0.0 0.29538690476190477 0.1077734375 0.10782738095238094 0.228359375
0.0 0.3969047619047619 0.04640625 0.09020833333333333 0.3224609375
0.0 0.17363095238095239 0.1594921875 0.12330357142857143 0.29046875
0.0 0.4271130952380952 0.6065234375 0.1343452380952381 0.274609375
0.0 0.5360416666666667 0.4152734375 0.13086309523809522 0.1788671875
0.0 0.21270833333333333 0.2413671875 0.1286904761904762 0.2789453125
0.0 0.28574404761904765 0.5085546875 0.1692857142857143 0.426328125
0.0 0.23642857142857143 0.52109375 0.13282738095238095 0.3703125
0.0 0.06961309523809524 0.7261328125 0.14202380952380952 0.3627734375
0.0 0.6353571428571428 0.767734375 0.14395833333333333 0.1486328125
0.0 0.5070833333333333 0.8548828125 0.10556547619047618 0.1687890625
0.0 0.46669642857142857 0.9106640625 0.21354166666666666 0.2191796875
0.0 0.7318154761904762 0.8470703125 0.10366071428571429 0.14609375
0.0 0.8788690476190476 0.8338671875 0.15017857142857144 0.336328125
0.0 0.9172916666666666 0.663515625 0.13964285714285715 0.245
0.0 0.9333333333333333 0.2109765625 0.1113095238095238 0.1990234375
