0.0 0.36970238095238095 0.1018359375 0.1061904761904762 0.2326171875
0.0 0.47175595238095236 0.040078125 0.09020833333333333 0.3224609375
0.0 0.2530654761904762 0.163046875 0.13032738095238094 0.3073828125
0.0 0.48803571428571424 0.6031640625 0.1343452380952381 0.274609375
0.0 0.6022619047619048 0.4180078125 0.12928571428571428 0.1788671875
0.0 0.07032738095238095 0.51640625 0.1175892857142857 0.22828125
0.0 0.29342261904761907 0.240078125 0.13095238095238096 0.28453125
0.0 0.3536011904761905 0.509609375 0.17669642857142856 0.415546875
0.0 0.28830357142857144 0.5101171875 0.1282142857142857 0.3551953125
0.0 0.10130952380952381 0.7059765625 0.1900297619047619 0.3627734375
0.0 0.7001190476190476 0.7753125 0.14395833333333333 0.1486328125
0.0 0.5669642857142857 0.8518359375 0.10556547619047618 0.1687890625
0.0 0.5203571428571429 0.9087890625 0.21690476190476188 0.2191796875
0.0 0.7850595238095237 0.8565234375 0.10366071428571429 0.14609375
0.0 0.9247023809523809 0.8426953125 0.12666666666666668 0.32625
