0.0 0.05282738095238095 0.482421875 0.11229166666666665 0.1776171875
0.0 0.19610119047619048 0.803515625 0.14395833333333333 0.1486328125
0.0 0.07443452380952381 0.9289453125 0.10556547619047618 0.1687890625
0.0 0.29467261904761904 0.84265625 0.10366071428571429 0.14609375
0.0 0.323452380952381 0.9755859375 0.14875 0.14109375
0.0 0.4439285714285714 0.80046875 0.16889880952380953 0.35015625
0.0 0.45735119047619044 0.6115234375 0.19961309523809523 0.2393359375
0.0 0.4170238095238095 0.41125 0.14970238095238095 0.1360546875
0.0 0.37241071428571426 0.1605859375 0.13339285714285715 0.1700390625
0.0 0.7188690476190476 0.1473828125 0.09214285714285715 0.317421875
