0.0 0.1150595238095238 0.5728515625 0.054285714285714284 0.2190625
0.0 0.0874702380952381 0.5871484375 0.0525297619047619 0.209140625
0.0 0.7527678571428572 0.574296875 0.08104166666666666 0.201640625
0.0 0.32663690476190477 0.5646484375 0.0642857142857143 0.1810546875
0.0 0.3476785714285714 0.5725390625 0.04788690476190476 0.1643359375
0.0 0.5034821428571428 0.564453125 0.08461309523809524 0.1877734375
0.0 0.3868452380952381 0.5669140625 0.2792857142857143 0.8733203125
0.0 0.10354166666666667 0.5636328125 0.06363095238095237 0.2020703125
0.0 0.20053571428571426 0.5974609375 0.03958333333333334 0.0825
0.0 0.17464285714285716 0.6010546875 0.03827380952380952 0.0637890625
