0.0 0.1150595238095238 0.5728125 0.054285714285714284 0.2191796875
0.0 0.0874702380952381 0.5871484375 0.0525297619047619 0.209140625
0.0 0.8717261904761904 0.5805078125 0.062380952380952384 0.2025
0.0 0.39125000000000004 0.5705859375 0.064375 0.2003515625
0.0 0.4058630952380953 0.5757421875 0.04788690476190476 0.1722265625
0.0 0.649672619047619 0.565078125 0.07392857142857143 0.17828125
0.0 0.7080952380952381 0.5627734375 0.27113095238095236 0.8815625
0.0 0.1712797619047619 0.56921875 0.09157738095238095 0.202265625
0.0 0.9048214285714286 0.556796875 0.06247023809523809 0.175234375
0.0 0.22675595238095236 0.59515625 0.0393452380952381 0.084921875
0.0 0.19092261904761906 0.5982421875 0.04050595238095238 0.0679296875
1.0 0.8837797619047618 0.59546875 0.15345238095238095 0.12078125
