0.0 0.1150595238095238 0.5727734375 0.054285714285714284 0.2191796875
0.0 0.0874702380952381 0.5871484375 0.0525297619047619 0.209140625
0.0 0.8533630952380953 0.5787890625 0.07351190476190476 0.2025
0.0 0.3821130952380952 0.5705859375 0.06955357142857144 0.2003515625
0.0 0.397797619047619 0.5756640625 0.04788690476190476 0.17203125
0.0 0.6318452380952382 0.5661328125 0.07020833333333333 0.18
0.0 0.6631547619047619 0.5622265625 0.24008928571428573 0.8826171875
0.0 0.16791666666666666 0.566953125 0.08607142857142858 0.2034765625
0.0 0.9273214285714285 0.5564453125 0.06247023809523809 0.1755078125
0.0 0.2224404761904762 0.595546875 0.0393452380952381 0.0847265625
0.0 0.18949404761904762 0.5989453125 0.04130952380952381 0.0666015625
1.0 0.9086011904761906 0.5951953125 0.15357142857142858 0.120859375
