0.0 0.1150595238095238 0.5727734375 0.054285714285714284 0.21921875
0.0 0.0874702380952381 0.5871484375 0.0525297619047619 0.209140625
0.0 0.8972023809523809 0.5755859375 0.07291666666666667 0.1984765625
0.0 0.40491071428571435 0.5705859375 0.056607142857142856 0.2003515625
0.0 0.41851190476190475 0.5751171875 0.04788690476190476 0.171015625
0.0 0.6763690476190476 0.563515625 0.07946428571428571 0.1756640625
0.0 0.7623809523809525 0.5646484375 0.29642857142857143 0.8778125
0.0 0.18404761904761907 0.56890625 0.08205357142857143 0.2028515625
0.0 0.869375 0.557109375 0.06247023809523809 0.1740234375
0.0 0.23324404761904763 0.5944921875 0.0393452380952381 0.085234375
0.0 0.1930654761904762 0.597265625 0.039285714285714285 0.069921875
1.0 0.846547619047619 0.5958203125 0.1532440476190476 0.1206640625
