0.0 0.1150595238095238 0.5727734375 0.054285714285714284 0.21921875
0.0 0.0874702380952381 0.5871484375 0.0525297619047619 0.209140625
0.0 0.8887202380952381 0.577265625 0.0694047619047619 0.1998046875
0.0 0.40038690476190475 0.5705859375 0.05919642857142857 0.2003515625
0.0 0.41428571428571426 0.5753125 0.04788690476190476 0.17140625
0.0 0.6674702380952381 0.5640625 0.07761904761904762 0.1765234375
0.0 0.7464880952380952 0.563828125 0.29154761904761906 0.8794140625
0.0 0.17851190476190476 0.569609375 0.08821428571428572 0.202265625
0.0 0.8827678571428572 0.557734375 0.06247023809523809 0.175234375
0.0 0.23107142857142857 0.5947265625 0.0393452380952381 0.0851171875
0.0 0.19235119047619045 0.5976171875 0.03967261904761905 0.0692578125
1.0 0.8589583333333334 0.595703125 0.15330357142857143 0.120703125
