0.0 0.1150595238095238 0.572734375 0.054285714285714284 0.219296875
0.0 0.0874702380952381 0.5871484375 0.0525297619047619 0.209140625
0.0 0.4433928571428571 0.571640625 0.07342261904761906 0.19859375
0.0 0.460625 0.573125 0.04788690476190476 0.1669921875
0.0 0.7799999999999999 0.5666796875 0.07883928571428571 0.19515625
0.0 0.9363392857142857 0.56625 0.14455357142857142 0.874609375
0.0 0.23488095238095238 0.56765625 0.08113095238095239 0.2020703125
0.0 0.7416071428571429 0.54109375 0.06247023809523809 0.14484375
0.0 0.2517559523809524 0.597265625 0.044851190476190475 0.0853125
0.0 0.2007738095238095 0.594765625 0.04220238095238095 0.0776171875
1.0 0.7223511904761905 0.597109375 0.1525595238095238 0.1201953125
