0.0 0.1150595238095238 0.5726953125 0.054285714285714284 0.219375
0.0 0.0874702380952381 0.5871484375 0.0525297619047619 0.209140625
0.0 0.4904761904761905 0.5714453125 0.08985119047619047 0.1989453125
0.0 0.5136011904761905 0.5812109375 0.04788690476190476 0.169921875
0.0 0.8936309523809524 0.565859375 0.08 0.1958203125
0.0 0.29598214285714286 0.55828125 0.06821428571428571 0.18984375
0.0 0.5903869047619048 0.5549609375 0.06660714285714285 0.1714453125
0.0 0.2625297619047619 0.5984765625 0.04788690476190476 0.08609375
0.0 0.20973214285714287 0.5936328125 0.05607142857142857 0.085234375
0.0 0.9226785714285713 0.552421875 0.07050595238095239 0.1640234375
1.0 0.5700595238095237 0.5958203125 0.15571428571428572 0.1201171875
1.0 0.9039285714285715 0.5917578125 0.14636904761904762 0.133515625
