0.0 0.1150595238095238 0.5726953125 0.054285714285714284 0.2193359375
0.0 0.0874702380952381 0.5871484375 0.0525297619047619 0.209140625
0.0 0.46875 0.5719140625 0.06404761904761905 0.203046875
0.0 0.48255952380952377 0.5759375 0.04788690476190476 0.1678125
0.0 0.827470238095238 0.5696484375 0.0763392857142857 0.1965625
0.0 0.25160714285714286 0.5671875 0.0786904761904762 0.200703125
0.0 0.677797619047619 0.550390625 0.06247023809523809 0.1605859375
0.0 0.25625 0.5977734375 0.046101190476190476 0.085625
0.0 0.20491071428571428 0.5938671875 0.04717261904761905 0.081953125
1.0 0.6616071428571428 0.5976171875 0.15610119047619048 0.12203125
