0.0 0.1150595238095238 0.5726953125 0.054285714285714284 0.2194140625
0.0 0.0874702380952381 0.5871484375 0.0525297619047619 0.209140625
0.0 0.509702380952381 0.571484375 0.08720238095238095 0.200703125
0.0 0.532529761904762 0.5823046875 0.05077380952380952 0.170546875
0.0 0.9452678571428572 0.5701953125 0.06577380952380953 0.1958203125
0.0 0.3174702380952381 0.5581640625 0.08583333333333333 0.1828515625
0.0 0.5287797619047618 0.55734375 0.07035714285714285 0.176875
0.0 0.2670238095238095 0.5989453125 0.049136904761904764 0.0864453125
0.0 0.21315476190476193 0.5934765625 0.06244047619047619 0.087578125
0.0 0.8644047619047619 0.554609375 0.07050595238095239 0.1664453125
1.0 0.5080357142857143 0.596484375 0.15363095238095237 0.1201171875
1.0 0.8460714285714285 0.59234375 0.15398809523809526 0.1341796875
