0.0 0.1150595238095238 0.57265625 0.054285714285714284 0.2194140625
0.0 0.0874702380952381 0.5871484375 0.0525297619047619 0.209140625
0.0 0.5160714285714286 0.571484375 0.07446428571428572 0.200703125
0.0 0.5358928571428572 0.5821875 0.05175595238095238 0.170546875
0.0 0.9573809523809524 0.57109375 0.06059523809523809 0.1958203125
0.0 0.3211607142857143 0.5585546875 0.08913690476190476 0.1823828125
0.0 0.5166964285714286 0.5580078125 0.07095238095238095 0.1782421875
0.0 0.26791666666666664 0.5990625 0.04940476190476191 0.086484375
0.0 0.2138392857142857 0.5934375 0.0637202380952381 0.088046875
0.0 0.8527380952380952 0.555078125 0.07050595238095239 0.1669140625
1.0 0.495625 0.5966015625 0.1532142857142857 0.1201171875
1.0 0.8339583333333332 0.59234375 0.15398809523809526 0.1341796875
