0.0 0.1150595238095238 0.5726171875 0.054285714285714284 0.2194921875
0.0 0.0874702380952381 0.5871484375 0.0525297619047619 0.209140625
0.0 0.5598214285714286 0.576328125 0.09514880952380952 0.20484375
0.0 0.583452380952381 0.5798046875 0.045654761904761906 0.170546875
0.0 0.3823809523809524 0.563515625 0.07610119047619048 0.1970703125
0.0 0.3904761904761904 0.55578125 0.0712202380952381 0.171796875
0.0 0.27690476190476193 0.600078125 0.051934523809523805 0.0871484375
0.0 0.20758928571428573 0.5929296875 0.05857142857142857 0.088046875
0.0 0.7251785714285715 0.553984375 0.07702380952380952 0.1666015625
1.0 0.3742559523809524 0.5938671875 0.14827380952380953 0.11859375
1.0 0.7101190476190476 0.5915234375 0.15398809523809526 0.129453125
