0.0 0.1150595238095238 0.57265625 0.054285714285714284 0.2194921875
0.0 0.0874702380952381 0.5871484375 0.0525297619047619 0.209140625
0.0 0.5574702380952381 0.5759765625 0.09116071428571429 0.2027734375
0.0 0.5780654761904762 0.580078125 0.04693452380952381 0.170546875
0.0 0.37592261904761903 0.5614453125 0.07214285714285713 0.194765625
0.0 0.4026488095238095 0.555703125 0.07110119047619048 0.171640625
0.0 0.27601190476190474 0.5999609375 0.051666666666666666 0.087109375
0.0 0.20821428571428569 0.5930078125 0.05907738095238096 0.088046875
0.0 0.7377083333333333 0.5528125 0.07744047619047618 0.1651953125
1.0 0.3862797619047619 0.5943359375 0.1488095238095238 0.118828125
1.0 0.7226785714285714 0.5919921875 0.15398809523809526 0.129453125
