0.0 0.1150595238095238 0.572578125 0.054285714285714284 0.219609375
0.0 0.08735119047619049 0.5871484375 0.0525297619047619 0.209140625
0.0 0.6200595238095238 0.5743359375 0.08035714285714286 0.206015625
0.0 0.6361904761904762 0.5815234375 0.05351190476190476 0.170546875
0.0 0.4388095238095238 0.5662109375 0.05925595238095238 0.211484375
0.0 0.24476190476190474 0.5540234375 0.07217261904761904 0.16828125
0.0 0.2704761904761905 0.599609375 0.0518452380952381 0.08734375
0.0 0.2000595238095238 0.592734375 0.051934523809523805 0.088046875
0.0 0.5752380952380952 0.549453125 0.07979166666666666 0.163046875
1.0 0.2294642857142857 0.594296875 0.14455357142857142 0.1170703125
1.0 0.5625595238095238 0.5894921875 0.14922619047619048 0.1253125
