0.0 0.1150595238095238 0.572578125 0.054285714285714284 0.219609375
0.0 0.0874702380952381 0.5871484375 0.0525297619047619 0.209140625
0.0 0.6175892857142857 0.5739453125 0.07541666666666666 0.206484375
0.0 0.6313392857142857 0.5817578125 0.05464285714285714 0.170546875
0.0 0.43077380952380956 0.566875 0.06574404761904762 0.211015625
0.0 0.25681547619047623 0.5544921875 0.07217261904761904 0.16921875
0.0 0.27148809523809525 0.5996875 0.051934523809523805 0.08734375
0.0 0.20068452380952384 0.5926953125 0.05255952380952381 0.088046875
0.0 0.5877678571428572 0.55 0.07949404761904762 0.1634765625
1.0 0.24160714285714288 0.59359375 0.14455357142857142 0.1170703125
1.0 0.5747916666666667 0.5895703125 0.14970238095238095 0.1257421875
