0.0 0.11482142857142856 0.5734375 0.05422619047619047 0.22140625
0.0 0.08654761904761904 0.5871484375 0.0525297619047619 0.209140625
0.0 0.6443452380952381 0.5759375 0.09577380952380952 0.205859375
0.0 0.6601785714285714 0.58078125 0.06336309523809523 0.170546875
0.0 0.4754166666666667 0.5697265625 0.10035714285714285 0.2041015625
0.0 0.1644642857142857 0.5530859375 0.07056547619047619 0.1663671875
0.0 0.26267857142857143 0.599296875 0.050357142857142864 0.08734375
0.0 0.1956547619047619 0.5930078125 0.0475 0.088046875
0.0 0.48999999999999994 0.5462109375 0.078125 0.1559765625
1.0 0.14922619047619048 0.5906640625 0.1407142857142857 0.1170703125
1.0 0.4785714285714286 0.588984375 0.14830357142857142 0.1227734375
