0.0 0.11455357142857144 0.574296875 0.05416666666666666 0.2231640625
0.0 0.08630952380952381 0.5871484375 0.0525297619047619 0.209140625
0.0 0.6562797619047619 0.5755859375 0.08648809523809524 0.208046875
0.0 0.6648511904761905 0.58078125 0.06999999999999999 0.170546875
0.0 0.48217261904761904 0.569609375 0.09464285714285714 0.2055078125
0.0 0.1419642857142857 0.5530859375 0.06994047619047619 0.1663671875
0.0 0.2601785714285714 0.599296875 0.04964285714285714 0.08734375
0.0 0.19437500000000002 0.5930859375 0.04625 0.088046875
0.0 0.46613095238095237 0.545390625 0.07684523809523809 0.153125
1.0 0.12651785714285713 0.58921875 0.13940476190476192 0.1170703125
1.0 0.4547619047619048 0.58890625 0.14830357142857142 0.1220703125
