0.0 0.11407738095238094 0.575859375 0.05398809523809524 0.2262890625
0.0 0.08571428571428572 0.5871484375 0.0525297619047619 0.209140625
0.0 0.685297619047619 0.5751953125 0.07217261904761904 0.2102734375
0.0 0.6941369047619047 0.583046875 0.05 0.1750390625
0.0 0.51 0.568359375 0.06949404761904762 0.2090234375
0.0 0.08964285714285715 0.5530859375 0.06994047619047619 0.1663671875
0.0 0.2539285714285714 0.599296875 0.04779761904761905 0.08734375
0.0 0.19125 0.5933203125 0.043095238095238096 0.088046875
0.0 0.4063988095238096 0.54328125 0.07372023809523809 0.1459765625
1.0 0.07395833333333333 0.5877734375 0.13517857142857143 0.1170703125
1.0 0.3955357142857143 0.5885546875 0.14761904761904762 0.1200390625
