0.0 0.1137202380952381 0.5778125 0.055178571428571424 0.22546875
0.0 0.08214285714285714 0.5871484375 0.0525297619047619 0.209140625
0.0 0.6099107142857143 0.570234375 0.04985119047619048 0.1716796875
0.0 0.6084821428571429 0.56484375 0.05952380952380952 0.175
0.0 0.23089285714285715 0.547109375 0.08223214285714285 0.1855859375
0.0 0.28038690476190475 0.5485546875 0.044642857142857144 0.0971875
0.0 0.571875 0.5632421875 0.0825595238095238 0.15921875
0.0 0.04538690476190476 0.575390625 0.05148809523809524 0.1894140625
1.0 0.23163690476190477 0.5928125 0.15392857142857141 0.1234765625
1.0 0.5703869047619048 0.6116796875 0.1480654761904762 0.1031640625
