0.0 0.1137202380952381 0.5778125 0.055178571428571424 0.22546875
0.0 0.08214285714285714 0.5871484375 0.0525297619047619 0.209140625
0.0 0.6082142857142857 0.5700390625 0.05011904761904762 0.1716796875
0.0 0.605922619047619 0.56484375 0.05904761904761905 0.1745703125
0.0 0.22151785714285716 0.5466015625 0.081875 0.1850390625
0.0 0.2710416666666666 0.5482421875 0.044642857142857144 0.096875
0.0 0.5601190476190476 0.5629296875 0.08232142857142857 0.15859375
0.0 0.05095238095238096 0.5768359375 0.05148809523809524 0.18828125
1.0 0.2224107142857143 0.592578125 0.15351190476190477 0.1234765625
1.0 0.5587797619047619 0.611328125 0.1480654761904762 0.1031640625
