0.0 0.1137202380952381 0.5778125 0.055178571428571424 0.22546875
0.0 0.08214285714285714 0.5871484375 0.0525297619047619 0.209140625
0.0 0.611577380952381 0.57046875 0.04958333333333333 0.1716796875
0.0 0.6110416666666667 0.56484375 0.06 0.175390625
0.0 0.24026785714285714 0.547578125 0.08258928571428571 0.186171875
0.0 0.2897321428571428 0.5488671875 0.044642857142857144 0.0975
0.0 0.5836011904761905 0.5635546875 0.08279761904761905 0.15984375
0.0 0.03982142857142858 0.573984375 0.05148809523809524 0.1905078125
1.0 0.24083333333333334 0.5930859375 0.1543452380952381 0.1234765625
1.0 0.5820238095238095 0.6120703125 0.1480654761904762 0.1031640625
