0.0 0.1137202380952381 0.5778125 0.055178571428571424 0.22546875
0.0 0.08214285714285714 0.5871484375 0.0525297619047619 0.209140625
0.0 0.6014880952380952 0.5692578125 0.051220238095238096 0.1716796875
0.0 0.5956845238095239 0.5647265625 0.05714285714285714 0.17296875
0.0 0.1844940476190476 0.54328125 0.07910714285714285 0.1785546875
0.0 0.23270833333333332 0.54703125 0.044642857142857144 0.0959375
0.0 0.5131547619047618 0.5616796875 0.08136904761904762 0.1560546875
0.0 0.04934523809523809 0.5637109375 0.07577380952380952 0.2183984375
0.0 0.07711309523809524 0.5781640625 0.05401785714285714 0.188359375
1.0 0.18244047619047618 0.5916796875 0.15119047619047618 0.11921875
1.0 0.5123214285714285 0.6098046875 0.1480654761904762 0.1031640625
