0.0 0.1137202380952381 0.5778125 0.055178571428571424 0.22546875
0.0 0.08214285714285714 0.5871484375 0.0525297619047619 0.209140625
0.0 0.5947321428571429 0.5684765625 0.05232142857142857 0.1716796875
0.0 0.5886904761904762 0.56453125 0.057708333333333334 0.17375
0.0 0.14696428571428571 0.5393359375 0.07505952380952381 0.1694921875
0.0 0.19160714285714284 0.545859375 0.044642857142857144 0.0959375
0.0 0.4700595238095238 0.5621484375 0.08505952380952381 0.15703125
0.0 0.07342261904761906 0.563203125 0.0919047619047619 0.222421875
0.0 0.10455357142857144 0.5780078125 0.05741071428571428 0.1899609375
1.0 0.1444940476190476 0.590390625 0.1511309523809524 0.117109375
1.0 0.4686309523809524 0.6101171875 0.14708333333333334 0.1031640625
