0.0 0.1137202380952381 0.5778125 0.055178571428571424 0.22546875
0.0 0.08214285714285714 0.5871484375 0.0525297619047619 0.209140625
0.0 0.570029761904762 0.56765625 0.059226190476190474 0.1716796875
0.0 0.5677678571428572 0.5639453125 0.05946428571428571 0.176015625
0.0 0.032410714285714286 0.5345703125 0.06035714285714286 0.15734375
0.0 0.07363095238095238 0.5466796875 0.044642857142857144 0.0934375
0.0 0.3433928571428571 0.5633203125 0.07782738095238095 0.16125
0.0 0.8339583333333332 0.55015625 0.08562499999999999 0.1534765625
0.0 0.17151785714285714 0.569140625 0.06982142857142858 0.2262109375
0.0 0.18755952380952381 0.5783203125 0.06068452380952381 0.192734375
1.0 0.3425595238095238 0.6084375 0.14241071428571428 0.1031640625
1.0 0.8307738095238095 0.6139453125 0.14928571428571427 0.100859375
