0.0 0.1137202380952381 0.5778125 0.055178571428571424 0.22546875
0.0 0.08214285714285714 0.5871484375 0.0525297619047619 0.209140625
0.0 0.5767559523809523 0.56765625 0.05705357142857143 0.1716796875
0.0 0.5729761904761905 0.5641015625 0.059017857142857136 0.17546875
0.0 0.05645833333333333 0.5354296875 0.06577380952380953 0.15953125
0.0 0.10267857142857142 0.54609375 0.044642857142857144 0.0942578125
0.0 0.375 0.563671875 0.07720238095238095 0.162578125
0.0 0.875625 0.553828125 0.08562499999999999 0.158359375
0.0 0.14973214285714287 0.5662890625 0.06544642857142857 0.2239453125
0.0 0.16660714285714284 0.57796875 0.06226190476190477 0.192734375
1.0 0.07613095238095238 0.587578125 0.14842261904761905 0.117109375
1.0 0.373452380952381 0.6091796875 0.1438095238095238 0.1031640625
1.0 0.8718452380952381 0.6137109375 0.14827380952380953 0.100703125
