0.0 0.1137202380952381 0.5778125 0.055178571428571424 0.22546875
0.0 0.08214285714285714 0.5871484375 0.0525297619047619 0.209140625
0.0 0.5666964285714285 0.56765625 0.0593452380952381 0.1716796875
0.0 0.5638690476190477 0.5640234375 0.060625000000000005 0.1761328125
0.0 0.024553571428571428 0.5345703125 0.049136904761904764 0.15734375
0.0 0.054285714285714284 0.5470703125 0.044642857142857144 0.0928515625
0.0 0.32232142857142854 0.5628125 0.07982142857142857 0.159140625
0.0 0.8060416666666667 0.549140625 0.08562499999999999 0.1518359375
0.0 0.18601190476190477 0.5710546875 0.07270833333333333 0.227734375
0.0 0.20154761904761903 0.5785546875 0.05964285714285714 0.192734375
1.0 0.3219345238095238 0.6079296875 0.14148809523809525 0.1031640625
1.0 0.8034523809523809 0.6141796875 0.15026785714285715 0.101015625
