0.0 0.1137202380952381 0.5778125 0.055178571428571424 0.22546875
0.0 0.08214285714285714 0.5871484375 0.0525297619047619 0.209140625
0.0 0.5578571428571428 0.56765625 0.05416666666666666 0.1716796875
0.0 0.5502678571428571 0.56421875 0.06467261904761905 0.1765625
0.0 0.24794642857142857 0.5585546875 0.08464285714285714 0.1496484375
0.0 0.7089583333333334 0.552890625 0.08651785714285715 0.1569140625
0.0 0.24404761904761904 0.565703125 0.09053571428571429 0.219921875
0.0 0.2503571428571429 0.5752734375 0.07559523809523809 0.189609375
1.0 0.24982142857142856 0.606171875 0.13827380952380952 0.1031640625
1.0 0.7077380952380953 0.6150390625 0.15377976190476192 0.1016015625
