0.0 0.1137202380952381 0.5778125 0.055178571428571424 0.22546875
0.0 0.08214285714285714 0.5871484375 0.0525297619047619 0.209140625
0.0 0.563422619047619 0.56765625 0.05747023809523809 0.1716796875
0.0 0.5580654761904762 0.5641015625 0.06235119047619048 0.176328125
0.0 0.027529761904761904 0.54625 0.041398809523809525 0.089296875
0.0 0.2905654761904762 0.5615234375 0.08238095238095237 0.1555859375
0.0 0.7639285714285714 0.5497265625 0.08562499999999999 0.1518359375
0.0 0.2119345238095238 0.569453125 0.08428571428571428 0.2309375
0.0 0.22169642857142854 0.57828125 0.0675 0.1934375
1.0 0.2910416666666667 0.6071875 0.14011904761904762 0.1031640625
1.0 0.7624404761904762 0.6145703125 0.15178571428571427 0.10125
