0.0 0.1137202380952381 0.5778125 0.055178571428571424 0.22546875
0.0 0.08214285714285714 0.5871484375 0.0525297619047619 0.209140625
0.0 0.5385714285714286 0.5678515625 0.04553571428571429 0.1716796875
0.0 0.5333928571428571 0.564609375 0.06886904761904762 0.176796875
0.0 0.1594345238095238 0.5512890625 0.07559523809523809 0.1375
0.0 0.5872916666666667 0.5604296875 0.08601190476190476 0.1696875
0.0 0.33398809523809525 0.5549609375 0.07455357142857143 0.19125
0.0 0.3308333333333333 0.5637890625 0.057708333333333334 0.169765625
1.0 0.15919642857142857 0.606640625 0.13232142857142856 0.0990234375
1.0 0.5850297619047619 0.6137890625 0.1555654761904762 0.1020703125
