0.0 0.1137202380952381 0.5778125 0.055178571428571424 0.22546875
0.0 0.08214285714285714 0.5871484375 0.0525297619047619 0.209140625
0.0 0.5303869047619048 0.56828125 0.049107142857142856 0.1716796875
0.0 0.5242857142857142 0.5648828125 0.07074404761904762 0.176796875
0.0 0.10818452380952381 0.5511328125 0.07169642857142858 0.1366015625
0.0 0.5198214285714285 0.55921875 0.08050595238095239 0.1673046875
0.0 0.36375 0.5610546875 0.08458333333333334 0.20140625
0.0 0.37476190476190474 0.5662890625 0.057708333333333334 0.169765625
1.0 0.11011904761904762 0.6033203125 0.13232142857142856 0.09703125
1.0 0.5172619047619048 0.610390625 0.1535416666666667 0.1020703125
