0.0 0.1137202380952381 0.5778125 0.055178571428571424 0.22546875
0.0 0.08214285714285714 0.5871484375 0.0525297619047619 0.209140625
0.0 0.5369345238095238 0.5679296875 0.04625 0.1716796875
0.0 0.5315773809523809 0.5646484375 0.06925595238095238 0.176796875
0.0 0.1491964285714286 0.5512890625 0.07482142857142857 0.1373046875
0.0 0.5738095238095239 0.5601953125 0.08491071428571428 0.16921875
0.0 0.3399404761904762 0.5562109375 0.07654761904761904 0.19328125
0.0 0.33976190476190476 0.5634765625 0.057708333333333334 0.169765625
1.0 0.14937499999999998 0.6059765625 0.13232142857142856 0.09859375
1.0 0.5714880952380953 0.6130859375 0.15514880952380952 0.1020703125
