0.0 0.1137202380952381 0.5778125 0.055178571428571424 0.22546875
0.0 0.08214285714285714 0.5871484375 0.0525297619047619 0.209140625
0.0 0.5254761904761904 0.5685546875 0.051220238095238096 0.1716796875
0.0 0.5188392857142857 0.565 0.071875 0.176796875
0.0 0.07744047619047618 0.5510546875 0.0693452380952381 0.1360546875
0.0 0.479375 0.558515625 0.07720238095238095 0.165859375
0.0 0.3935416666666666 0.56328125 0.07511904761904761 0.211640625
0.0 0.4008333333333334 0.569375 0.057708333333333334 0.169765625
1.0 0.0806845238095238 0.6012890625 0.13232142857142856 0.0958203125
1.0 0.47690476190476194 0.60921875 0.15252976190476192 0.10140625
