0.0 0.1137202380952381 0.5778125 0.055178571428571424 0.22546875
0.0 0.08214285714285714 0.5871484375 0.0525297619047619 0.209140625
0.0 0.522202380952381 0.56875 0.05264880952380953 0.1716796875
0.0 0.5152083333333334 0.5651171875 0.07261904761904761 0.176796875
0.0 0.05696428571428572 0.551015625 0.06776785714285714 0.135703125
0.0 0.4519345238095238 0.5566796875 0.08053571428571428 0.1632421875
0.0 0.4133928571428572 0.5647265625 0.0688095238095238 0.2184765625
0.0 0.41785714285714287 0.5715234375 0.058333333333333334 0.1716015625
1.0 0.06586309523809523 0.59796875 0.12782738095238097 0.0958203125
1.0 0.4504166666666667 0.609609375 0.15208333333333335 0.100078125
