0.0 0.27589285714285716 0.4675390625 0.06291666666666666 0.20578125
0.0 0.7277678571428572 0.4762109375 0.11169642857142857 0.3191796875
0.0 0.828779761904762 0.4551953125 0.07592261904761906 0.35421875
0.0 0.7318749999999999 0.4696875 0.08785714285714286 0.286796875
0.0 0.5931547619047619 0.45796875 0.07443452380952381 0.3005859375
0.0 0.19080357142857143 0.435703125 0.13077380952380951 0.446328125
0.0 0.07125000000000001 0.409375 0.11383928571428571 0.5325
0.0 0.38982142857142854 0.4723046875 0.03526785714285714 0.125390625
0.0 0.3523809523809524 0.4730859375 0.049940476190476195 0.1347265625
0.0 0.3922619047619048 0.4705859375 0.0374702380952381 0.1375
