0.0 0.609077380952381 0.4815234375 0.10571428571428572 0.299765625
0.0 0.38208333333333333 0.671796875 0.11604166666666667 0.3319140625
0.0 0.6802380952380952 0.46640625 0.07744047619047618 0.308828125
0.0 0.4515773809523809 0.562421875 0.080625 0.2846875
0.0 0.47940476190476194 0.6417578125 0.08636904761904762 0.3325390625
0.0 0.39976190476190476 0.9276953125 0.14202380952380952 0.156171875
0.0 0.10895833333333334 0.92015625 0.10556547619047618 0.2116015625
0.0 0.6396726190476191 0.790390625 0.1324404761904762 0.340078125
0.0 0.14357142857142857 0.3358984375 0.08169642857142857 0.15140625
0.0 0.49937499999999996 0.800703125 0.11863095238095238 0.38390625
