0.0 0.5526190476190477 0.3479296875 0.09154761904761906 0.29234375
0.0 0.34764880952380955 0.537578125 0.11151785714285714 0.3325390625
0.0 0.6463095238095238 0.3448828125 0.09752976190476191 0.3063671875
0.0 0.4222916666666666 0.43203125 0.080625 0.2846875
0.0 0.46020833333333333 0.51203125 0.08636904761904762 0.3325390625
0.0 0.43047619047619046 0.820625 0.12666666666666668 0.3627734375
0.0 0.6480654761904762 0.6209765625 0.11181547619047619 0.3678125
0.0 0.9746130952380954 0.67515625 0.09598214285714286 0.1914453125
0.0 0.28711309523809525 0.9183203125 0.14455357142857142 0.1704296875
0.0 0.11190476190476191 0.21046875 0.08324404761904762 0.1571484375
0.0 0.5941071428571428 0.8861328125 0.14491071428571428 0.176328125
0.0 0.5058928571428571 0.6223828125 0.1094047619047619 0.405078125
0.0 0.058065476190476195 0.92640625 0.1175892857142857 0.1543359375
