0.0 0.541875 0.411875 0.11577380952380951 0.2963671875
0.0 0.33770833333333333 0.6026171875 0.11511904761904762 0.3330078125
0.0 0.6377976190476191 0.422421875 0.08488095238095238 0.312734375
0.0 0.41011904761904766 0.4991796875 0.080625 0.2846875
0.0 0.44101190476190477 0.5901171875 0.08636904761904762 0.3325390625
0.0 0.396875 0.865234375 0.13857142857142857 0.29625
0.0 0.04261904761904762 0.86921875 0.09404761904761905 0.2133984375
0.0 0.625297619047619 0.708515625 0.11708333333333334 0.357734375
0.0 0.9659821428571428 0.74046875 0.09598214285714286 0.1914453125
0.0 0.09550595238095239 0.270234375 0.08735119047619049 0.1535546875
0.0 0.5920833333333333 0.9352734375 0.1343452380952381 0.14109375
0.0 0.4858035714285714 0.7085546875 0.11452380952380951 0.4064453125
