0.0 0.5405654761904761 0.4284765625 0.11910714285714287 0.2983203125
0.0 0.33056547619047616 0.6189453125 0.11651785714285715 0.333359375
0.0 0.6285119047619048 0.4302734375 0.08116071428571428 0.31078125
0.0 0.399375 0.5153125 0.080625 0.2846875
0.0 0.4364285714285714 0.596171875 0.08636904761904762 0.3325390625
0.0 0.3738392857142857 0.8723046875 0.14011904761904762 0.2720703125
0.0 0.043988095238095236 0.8846875 0.09788690476190476 0.2155859375
0.0 0.6099404761904762 0.7299609375 0.11708333333333334 0.357734375
0.0 0.9606845238095238 0.75578125 0.09598214285714286 0.1914453125
0.0 0.09077380952380952 0.2882421875 0.08583333333333333 0.152265625
0.0 0.5790178571428571 0.9428125 0.12666666666666668 0.1259765625
0.0 0.4583035714285715 0.728671875 0.11708333333333334 0.4030859375
