0.0 0.4764880952380952 0.080234375 0.09764880952380953 0.1955078125
0.0 0.3130059523809524 0.218203125 0.11053571428571429 0.326875
0.0 0.5527380952380953 0.040625 0.08895833333333333 0.173125
0.0 0.37794642857142857 0.1275390625 0.07630952380952381 0.2601171875
0.0 0.4122321428571428 0.18640625 0.09982142857142857 0.3337890625
0.0 0.5099404761904762 0.39515625 0.12053571428571429 0.373828125
0.0 0.949672619047619 0.3545703125 0.1094047619047619 0.193984375
0.0 0.2607738095238095 0.5871484375 0.13720238095238096 0.3730078125
0.0 0.4513690476190476 0.7468359375 0.1362797619047619 0.2519140625
0.0 0.569375 0.5703125 0.13482142857142856 0.18203125
0.0 0.5605059523809525 0.2091015625 0.10461309523809523 0.34640625
0.0 0.04827380952380952 0.6659375 0.10288690476190476 0.2315234375
0.0 0.24288690476190475 0.758203125 0.1549107142857143 0.396484375
0.0 0.16702380952380952 0.8897265625 0.18494047619047618 0.230546875
0.0 0.061696428571428576 0.8394921875 0.12139880952380952 0.3426171875
0.0 0.6761607142857142 0.931484375 0.1612202380952381 0.1486328125
