0.0 0.5459226190476191 0.15390625 0.10458333333333333 0.3067578125
0.0 0.6550297619047619 0.1291015625 0.09598214285714286 0.3224609375
0.0 0.8479464285714287 0.213515625 0.1094047619047619 0.340078125
0.0 0.44514880952380953 0.3424609375 0.12738095238095237 0.347265625
0.0 0.6670238095238096 0.6801953125 0.13532738095238095 0.26828125
0.0 0.7951488095238096 0.5082421875 0.12666666666666668 0.1788671875
0.0 0.24744047619047618 0.5730078125 0.12985119047619048 0.22828125
0.0 0.4580059523809523 0.4534765625 0.14892857142857144 0.3405859375
0.0 0.48083333333333333 0.749296875 0.19068452380952378 0.457265625
0.0 0.42374999999999996 0.7125390625 0.13089285714285714 0.36578125
0.0 0.2767261904761905 0.7573828125 0.17541666666666667 0.3627734375
0.0 0.8667559523809525 0.86671875 0.14779761904761904 0.156171875
0.0 0.7375595238095238 0.936484375 0.1113095238095238 0.1486328125
0.0 0.9477380952380953 0.9368359375 0.1113095238095238 0.132890625
