0.0 0.6279166666666667 0.081953125 0.090625 0.20078125
0.0 0.4931845238095238 0.2027734375 0.10625000000000001 0.318984375
0.0 0.6797619047619048 0.09921875 0.08854166666666667 0.2325
0.0 0.5600297619047618 0.1131640625 0.07357142857142857 0.2653515625
0.0 0.5955357142857143 0.1794921875 0.09598214285714286 0.3224609375
0.0 0.7734523809523809 0.30015625 0.12092261904761906 0.3551953125
0.0 0.41136904761904763 0.406875 0.12985119047619048 0.3105078125
0.0 0.6156845238095239 0.7324609375 0.1362797619047619 0.2619921875
0.0 0.7471726190476191 0.5601171875 0.12666666666666668 0.1788671875
0.0 0.7951488095238096 0.14171875 0.10366071428571429 0.297265625
0.0 0.19696428571428573 0.624453125 0.12985119047619048 0.22828125
0.0 0.4071428571428572 0.5512890625 0.14238095238095239 0.350234375
0.0 0.42696428571428574 0.8106640625 0.1994642857142857 0.394296875
0.0 0.35869047619047617 0.8188671875 0.11824404761904761 0.3607421875
0.0 0.22681547619047618 0.8118359375 0.17851190476190476 0.3607421875
0.0 0.8130059523809524 0.9115625 0.14702380952380953 0.156171875
