0.0 0.6463392857142857 0.0766796875 0.090625 0.1992578125
0.0 0.51125 0.1883984375 0.10541666666666667 0.320078125
0.0 0.6917261904761904 0.0877734375 0.09047619047619047 0.22328125
0.0 0.6147321428571428 0.165625 0.09598214285714286 0.3224609375
0.0 0.7970833333333334 0.276484375 0.11517857142857144 0.3551953125
0.0 0.4225892857142857 0.3836328125 0.12541666666666668 0.31640625
0.0 0.6329464285714286 0.7211328125 0.1362797619047619 0.2619921875
0.0 0.7644345238095239 0.5510546875 0.12666666666666668 0.1788671875
0.0 0.8167559523809524 0.14171875 0.09214285714285715 0.297265625
0.0 0.2144345238095238 0.6075 0.12985119047619048 0.22828125
0.0 0.42443452380952384 0.5225 0.14035714285714285 0.350234375
0.0 0.444375 0.7990625 0.19642857142857142 0.4182421875
0.0 0.3863392857142857 0.8030078125 0.12282738095238097 0.380390625
0.0 0.24428571428571427 0.79921875 0.17851190476190476 0.3627734375
0.0 0.8310416666666667 0.8992578125 0.14779761904761904 0.1576953125
