0.0 0.43351190476190476 0.099609375 0.10458333333333333 0.236875
0.0 0.5395833333333334 0.04484375 0.09020833333333333 0.3224609375
0.0 0.31627976190476187 0.1640234375 0.13916666666666666 0.313203125
0.0 0.5398809523809524 0.598125 0.1343452380952381 0.274609375
0.0 0.6684821428571429 0.42078125 0.12773809523809523 0.1788671875
0.0 0.1261607142857143 0.5003515625 0.12249999999999998 0.22828125
0.0 0.3558928571428571 0.240078125 0.14125000000000001 0.28453125
0.0 0.40886904761904763 0.5266015625 0.17839285714285713 0.421015625
0.0 0.3344940476190476 0.5196875 0.12282738095238097 0.3585546875
0.0 0.15407738095238097 0.6808203125 0.17273809523809525 0.3678125
0.0 0.7473511904761905 0.77375 0.14395833333333333 0.1486328125
0.0 0.6206547619047619 0.8558984375 0.10556547619047618 0.1687890625
0.0 0.565952380952381 0.905 0.21976190476190477 0.2191796875
0.0 0.8358333333333332 0.8626953125 0.10366071428571429 0.14609375
