0.0 0.8248809523809525 0.743125 0.23029761904761903 0.3794140625
0.0 0.8150595238095238 0.825078125 0.12249999999999998 0.35046875
0.0 0.7464583333333333 0.6321875 0.17392857142857143 0.302265625
0.0 0.47821428571428576 0.5501953125 0.16657738095238095 0.308671875
0.0 0.07154761904761904 0.5791015625 0.13964285714285715 0.3344140625
0.0 0.03172619047619048 0.8781640625 0.06247023809523809 0.241171875
0.0 0.5566071428571429 0.407890625 0.1200297619047619 0.31671875
0.0 0.16758928571428572 0.3934375 0.08452380952380951 0.229921875
0.0 0.6686904761904762 0.235859375 0.07961309523809523 0.0996875
0.0 0.3067261904761905 0.3749609375 0.06369047619047619 0.2540234375
0.0 0.24964285714285714 0.324296875 0.07717261904761905 0.300625
0.0 0.5908928571428571 0.2061328125 0.0955357142857143 0.1816796875
