0.0 0.8904166666666666 0.75359375 0.1555654761904762 0.4067578125
0.0 0.8525595238095237 0.8302734375 0.1474702380952381 0.3351171875
0.0 0.7587202380952381 0.64234375 0.16741071428571427 0.32046875
0.0 0.5125 0.5473828125 0.12738095238095237 0.3207421875
0.0 0.09291666666666666 0.5802734375 0.12360119047619048 0.3344140625
0.0 0.05479166666666667 0.8805078125 0.08214285714285714 0.23828125
0.0 0.5349702380952381 0.4100390625 0.1306547619047619 0.3102734375
0.0 0.16145833333333334 0.3950390625 0.08574404761904761 0.229921875
0.0 0.6688095238095239 0.235859375 0.07940476190476191 0.0996875
0.0 0.3064285714285714 0.3749609375 0.0642857142857143 0.2540234375
0.0 0.24904761904761907 0.324296875 0.07595238095238095 0.300625
0.0 0.5908928571428571 0.2116015625 0.0955357142857143 0.1926171875
