0.0 0.9067857142857143 0.756171875 0.136875 0.41359375
0.0 0.8616071428571429 0.833125 0.1543452380952381 0.3344140625
0.0 0.7617857142857143 0.6448828125 0.16577380952380955 0.3250390625
0.0 0.5211011904761905 0.5466796875 0.1175892857142857 0.32375
0.0 0.09827380952380953 0.5805859375 0.11958333333333333 0.3344140625
0.0 0.0605654761904762 0.8811328125 0.08705357142857142 0.2375390625
0.0 0.5295833333333333 0.4105859375 0.13330357142857144 0.308671875
0.0 0.15991071428571427 0.3954296875 0.08604166666666667 0.229921875
0.0 0.6688095238095239 0.235859375 0.0793452380952381 0.0996875
0.0 0.3063690476190476 0.3749609375 0.06440476190476191 0.2540234375
0.0 0.24889880952380952 0.324296875 0.0756547619047619 0.300625
0.0 0.5908928571428571 0.21296875 0.0955357142857143 0.1953515625
