0.0 0.9231845238095238 0.758828125 0.11821428571428572 0.4204296875
0.0 0.8730357142857142 0.8323046875 0.14904761904761904 0.335
0.0 0.7648511904761905 0.6474609375 0.16413690476190476 0.3295703125
0.0 0.5296726190476191 0.5459765625 0.10779761904761904 0.3267578125
0.0 0.10360119047619049 0.580859375 0.11559523809523811 0.3344140625
0.0 0.06633928571428571 0.88171875 0.0919642857142857 0.2368359375
0.0 0.5241369047619048 0.4111328125 0.13595238095238096 0.3070703125
0.0 0.15839285714285714 0.395859375 0.08636904761904762 0.229921875
0.0 0.6688392857142856 0.235859375 0.07928571428571429 0.0996875
0.0 0.3062797619047619 0.3749609375 0.06455357142857143 0.2540234375
0.0 0.24872023809523808 0.324296875 0.07532738095238095 0.300625
0.0 0.5908928571428571 0.2143359375 0.0955357142857143 0.1980859375
