0.0 0.955922619047619 0.763984375 0.08083333333333334 0.4341015625
0.0 0.8958035714285715 0.830625 0.13842261904761904 0.33625
0.0 0.7875000000000001 0.646640625 0.16169642857142857 0.330390625
0.0 0.5468154761904762 0.5445703125 0.08818452380952381 0.3328125
0.0 0.11428571428571428 0.5814453125 0.10755952380952381 0.3344140625
0.0 0.07785714285714286 0.882890625 0.1017857142857143 0.235390625
0.0 0.5083630952380952 0.4119921875 0.13214285714285715 0.311015625
0.0 0.15532738095238094 0.396640625 0.08696428571428572 0.229921875
0.0 0.6688988095238095 0.235859375 0.07919642857142857 0.0996875
0.0 0.3061607142857143 0.3749609375 0.06485119047619048 0.2540234375
0.0 0.24842261904761903 0.324296875 0.07473214285714286 0.300625
0.0 0.5908928571428571 0.2170703125 0.0955357142857143 0.203515625
