0.0 0.9412499999999999 0.8291015625 0.1175892857142857 0.3424609375
0.0 0.832827380952381 0.645078125 0.15678571428571428 0.3319921875
0.0 0.5731547619047619 0.5421484375 0.12494047619047619 0.3328125
0.0 0.1412202380952381 0.5827734375 0.11077380952380952 0.33421875
0.0 0.10300595238095238 0.8848828125 0.11729166666666666 0.233203125
0.0 0.47678571428571426 0.4137890625 0.12452380952380954 0.3188671875
0.0 0.13392857142857142 0.401796875 0.09577380952380952 0.24875
0.0 0.6690178571428571 0.235859375 0.07898809523809523 0.0996875
0.0 0.30586309523809524 0.3749609375 0.06541666666666666 0.2540234375
0.0 0.24782738095238094 0.324296875 0.07351190476190476 0.300625
0.0 0.5908928571428571 0.2225390625 0.0955357142857143 0.214453125
