0.0 0.8891964285714286 0.647421875 0.20702380952380953 0.3263671875
0.0 0.6304166666666666 0.5252734375 0.1206547619047619 0.3328125
0.0 0.19157738095238097 0.5863671875 0.15922619047619047 0.3328125
0.0 0.16232142857142856 0.88296875 0.12523809523809523 0.233125
0.0 0.4252678571428571 0.4182421875 0.1132440476190476 0.3141796875
0.0 0.09113095238095238 0.4120703125 0.11342261904761905 0.286484375
0.0 0.6692261904761905 0.235859375 0.07857142857142857 0.0996875
0.0 0.30529761904761904 0.3749609375 0.06657738095238096 0.2540234375
0.0 0.24657738095238094 0.324296875 0.07104166666666667 0.300625
0.0 0.5908928571428571 0.2334765625 0.0955357142857143 0.236328125
