0.0 0.9161309523809523 0.6447265625 0.16291666666666668 0.3373828125
0.0 0.6613392857142857 0.51078125 0.07961309523809523 0.3328125
0.0 0.22589285714285717 0.583125 0.1363690476190476 0.334921875
0.0 0.1951488095238095 0.8803125 0.12738095238095237 0.2369140625
0.0 0.3985119047619048 0.4192578125 0.09982142857142857 0.3086328125
0.0 0.07339285714285715 0.41578125 0.12101190476190475 0.2996875
0.0 0.6693154761904762 0.235859375 0.07833333333333334 0.0996875
0.0 0.305 0.3749609375 0.06714285714285714 0.2540234375
0.0 0.24598214285714287 0.324296875 0.06982142857142858 0.300625
0.0 0.5905654761904762 0.2334765625 0.09666666666666665 0.236328125
