0.0 0.9228571428571428 0.6440234375 0.1519047619047619 0.34015625
0.0 0.6681845238095238 0.510546875 0.0874702380952381 0.3319921875
0.0 0.2344642857142857 0.58234375 0.1306547619047619 0.33546875
0.0 0.2042857142857143 0.8793359375 0.12738095238095237 0.238828125
0.0 0.38842261904761904 0.4183984375 0.08970238095238095 0.309453125
0.0 0.07166666666666666 0.415625 0.12199404761904763 0.2987109375
0.0 0.6693452380952382 0.235859375 0.07827380952380952 0.0996875
0.0 0.3049107142857143 0.3749609375 0.06729166666666667 0.2540234375
0.0 0.24583333333333332 0.324296875 0.06952380952380952 0.300625
0.0 0.5905059523809524 0.2334765625 0.0969345238095238 0.236328125
