0.0 0.9401488095238095 0.6421484375 0.12226190476190475 0.33828125
0.0 0.688779761904762 0.50984375 0.11098214285714285 0.3295703125
0.0 0.2601785714285714 0.579921875 0.11351190476190476 0.3370703125
0.0 0.2316666666666667 0.876484375 0.12738095238095237 0.24453125
0.0 0.3664880952380952 0.417890625 0.09163690476190475 0.307734375
0.0 0.06651785714285714 0.41515625 0.12494047619047619 0.2958203125
0.0 0.6694345238095238 0.235859375 0.078125 0.0996875
0.0 0.30470238095238095 0.3749609375 0.06773809523809524 0.2540234375
0.0 0.24535714285714286 0.324296875 0.06860119047619048 0.300625
0.0 0.5902380952380952 0.2334765625 0.09776785714285714 0.236328125
