0.0 0.9439285714285715 0.641640625 0.11464285714285716 0.330859375
0.0 0.6956249999999999 0.5095703125 0.11880952380952381 0.3287890625
0.0 0.26875 0.579140625 0.10779761904761904 0.3376171875
0.0 0.24080357142857142 0.8755078125 0.12738095238095237 0.24640625
0.0 0.3605654761904762 0.418046875 0.0976190476190476 0.3064453125
0.0 0.06389880952380952 0.412734375 0.11967261904761906 0.2961328125
0.0 0.6694642857142857 0.235859375 0.07806547619047619 0.0996875
0.0 0.30464285714285716 0.3749609375 0.06788690476190476 0.2540234375
0.0 0.24520833333333333 0.324296875 0.06827380952380953 0.300625
0.0 0.5901488095238095 0.2334765625 0.09803571428571428 0.236328125
