0.0 0.45142857142857146 0.250546875 0.08339285714285714 0.1683203125
0.0 0.38586309523809526 0.421640625 0.078125 0.25484375
0.0 0.2658035714285714 0.5702734375 0.1063392857142857 0.2108203125
0.0 0.4922916666666667 0.5796484375 0.15178571428571427 0.32578125
0.0 0.2938095238095238 0.85171875 0.10916666666666666 0.307421875
0.0 0.20473214285714286 0.5714453125 0.08958333333333333 0.279296875
0.0 0.2770238095238095 0.737265625 0.10779761904761904 0.1961328125
0.0 0.06797619047619048 0.5047265625 0.08529761904761905 0.293515625
0.0 0.28982142857142856 0.307421875 0.09008928571428572 0.2926171875
0.0 0.6287202380952381 0.25875 0.11029761904761906 0.178203125
