0.0 0.4513988095238095 0.2490234375 0.08217261904761905 0.1633984375
0.0 0.3886607142857143 0.42640625 0.08113095238095239 0.263671875
0.0 0.2888392857142857 0.5880859375 0.10410714285714284 0.2372265625
0.0 0.5251488095238095 0.5778125 0.12505952380952381 0.338203125
0.0 0.3283035714285714 0.8521875 0.11401785714285714 0.3102734375
0.0 0.22797619047619047 0.58640625 0.09154761904761906 0.306328125
0.0 0.3133035714285714 0.7446875 0.10779761904761904 0.1961328125
0.0 0.08351190476190476 0.505859375 0.09098214285714286 0.2912109375
0.0 0.064375 0.5606640625 0.08303571428571428 0.2917578125
0.0 0.2899107142857143 0.307421875 0.09020833333333333 0.2926171875
0.0 0.6363690476190476 0.25796875 0.10976190476190477 0.164140625
