0.0 0.4543154761904762 0.257890625 0.07866071428571428 0.1745703125
0.0 0.3913095238095238 0.42640625 0.08315476190476191 0.263671875
0.0 0.4724702380952381 0.38578125 0.08101190476190476 0.213828125
0.0 0.3043452380952381 0.6044140625 0.10410714285714284 0.265625
0.0 0.5448809523809525 0.5766796875 0.10901785714285715 0.3456640625
0.0 0.3492857142857143 0.8513671875 0.11065476190476191 0.3102734375
0.0 0.24193452380952382 0.5954296875 0.09270833333333332 0.322578125
0.0 0.3350595238095238 0.749140625 0.10779761904761904 0.1961328125
0.0 0.09282738095238095 0.5065625 0.09440476190476191 0.28984375
0.0 0.07806547619047619 0.5656640625 0.08598214285714285 0.293984375
0.0 0.28997023809523814 0.307421875 0.09026785714285714 0.2926171875
0.0 0.6393154761904762 0.2549609375 0.10717261904761904 0.1547265625
