0.0 0.4552678571428571 0.260859375 0.0775 0.1783203125
0.0 0.39220238095238097 0.42640625 0.08383928571428571 0.263671875
0.0 0.475922619047619 0.384609375 0.08238095238095237 0.213828125
0.0 0.30952380952380953 0.60984375 0.10410714285714284 0.275078125
0.0 0.5500892857142857 0.5776171875 0.11461309523809524 0.34421875
0.0 0.3562797619047619 0.85109375 0.10952380952380951 0.3102734375
0.0 0.24657738095238094 0.5983984375 0.09309523809523809 0.32796875
0.0 0.34232142857142855 0.750625 0.10779761904761904 0.1961328125
0.0 0.09592261904761903 0.506796875 0.0955357142857143 0.289375
0.0 0.08264880952380953 0.56734375 0.08696428571428572 0.294765625
0.0 0.28997023809523814 0.307421875 0.09029761904761904 0.2926171875
0.0 0.6402678571428572 0.253984375 0.10630952380952381 0.1516015625
