0.0 0.46014880952380954 0.2756640625 0.07166666666666666 0.196953125
0.0 0.397202380952381 0.4165625 0.076875 0.24234375
0.0 0.4931547619047619 0.3785546875 0.08925595238095238 0.213828125
0.0 0.33538690476190475 0.6370703125 0.10410714285714284 0.322421875
0.0 0.5763095238095237 0.5820703125 0.14250000000000002 0.3370703125
0.0 0.39125000000000004 0.849765625 0.10392857142857144 0.3102734375
0.0 0.277202380952381 0.595390625 0.09309523809523809 0.333984375
0.0 0.3769345238095238 0.751640625 0.10779761904761904 0.1961328125
0.0 0.10854166666666666 0.5122265625 0.0987202380952381 0.289375
0.0 0.1055059523809524 0.5756640625 0.091875 0.298515625
0.0 0.29005952380952377 0.307421875 0.09038690476190477 0.2926171875
0.0 0.6451785714285714 0.2489453125 0.10202380952380953 0.1359375
