0.0 0.4630654761904762 0.28453125 0.0681547619047619 0.208125
0.0 0.4003273809523809 0.409140625 0.07113095238095238 0.22640625
0.0 0.5039285714285714 0.3757421875 0.08574404761904761 0.215625
0.0 0.3508928571428572 0.6534375 0.10410714285714284 0.350859375
0.0 0.5920238095238095 0.584765625 0.15922619047619047 0.3328125
0.0 0.412797619047619 0.8496484375 0.10327380952380953 0.3096875
0.0 0.2955952380952381 0.59359375 0.09309523809523809 0.3376171875
0.0 0.39702380952380956 0.7497265625 0.10779761904761904 0.1961328125
0.0 0.11610119047619047 0.5155078125 0.1006547619047619 0.289375
0.0 0.11922619047619049 0.580625 0.09482142857142857 0.3007421875
0.0 0.2901190476190476 0.307421875 0.09047619047619047 0.2926171875
0.0 0.6481250000000001 0.2459375 0.09946428571428571 0.1265234375
