0.0 0.4689285714285714 0.3023046875 0.061130952380952376 0.23046875
0.0 0.40651785714285715 0.394375 0.05964285714285714 0.194453125
0.0 0.5260119047619047 0.3709375 0.07104166666666667 0.2209765625
0.0 0.38497023809523806 0.6608203125 0.10264880952380953 0.374296875
0.0 0.6397916666666666 0.5859765625 0.11880952380952381 0.3376171875
0.0 0.4583035714285715 0.8522265625 0.11288690476190476 0.3059765625
0.0 0.3257738095238095 0.599453125 0.10202380952380953 0.3424609375
0.0 0.43720238095238095 0.745859375 0.10779761904761904 0.1961328125
0.0 0.13125 0.5220703125 0.10446428571428572 0.289375
0.0 0.1461309523809524 0.582734375 0.09675595238095237 0.2982421875
0.0 0.29023809523809524 0.307421875 0.0905952380952381 0.2926171875
0.0 0.6540178571428571 0.2398828125 0.0943154761904762 0.107734375
