0.0 0.4769940476190476 0.3099609375 0.06404761904761905 0.2344921875
0.0 0.40904761904761905 0.39390625 0.05505952380952381 0.1953125
0.0 0.5355357142857142 0.373984375 0.07005952380952381 0.225703125
0.0 0.4270535714285715 0.65546875 0.10139880952380953 0.381015625
0.0 0.690952380952381 0.590859375 0.14976190476190476 0.3321875
0.0 0.5111607142857143 0.8543359375 0.12276785714285714 0.3015234375
0.0 0.36098214285714286 0.6062890625 0.11244047619047619 0.3480859375
0.0 0.4863690476190476 0.749140625 0.10779761904761904 0.1961328125
0.0 0.14889880952380952 0.5297265625 0.10892857142857143 0.289375
0.0 0.1781547619047619 0.5881640625 0.10779761904761904 0.2954296875
0.0 0.29035714285714287 0.307421875 0.09074404761904761 0.2926171875
0.0 0.6566964285714286 0.2384765625 0.0925297619047619 0.105859375
