0.0 0.47821428571428576 0.3102734375 0.06508928571428571 0.233828125
0.0 0.40889880952380947 0.395625 0.05535714285714286 0.19953125
0.0 0.5365178571428572 0.374609375 0.07029761904761905 0.2263671875
0.0 0.43348214285714287 0.65546875 0.10238095238095238 0.381015625
0.0 0.6979761904761905 0.591796875 0.15863095238095237 0.33078125
0.0 0.5185119047619048 0.85375 0.12303571428571429 0.3008203125
0.0 0.36601190476190476 0.607265625 0.11392857142857143 0.3488671875
0.0 0.49363095238095245 0.75046875 0.10779761904761904 0.1961328125
0.0 0.15142857142857144 0.5308203125 0.10955357142857143 0.289375
0.0 0.18288690476190478 0.590390625 0.11145833333333334 0.2958203125
0.0 0.29038690476190476 0.307421875 0.09077380952380952 0.2926171875
0.0 0.6570535714285715 0.23828125 0.09226190476190477 0.1055859375
