0.0 0.4843452380952381 0.31203125 0.07035714285714285 0.2303515625
0.0 0.40815476190476185 0.40421875 0.05681547619047619 0.220546875
0.0 0.5360714285714285 0.3732421875 0.06976190476190476 0.219765625
0.0 0.4655357142857143 0.65546875 0.10720238095238097 0.381015625
0.0 0.733452380952381 0.5909765625 0.15767857142857142 0.335859375
0.0 0.5552678571428571 0.85109375 0.12440476190476189 0.297265625
0.0 0.3960119047619048 0.6056640625 0.09800595238095237 0.3488671875
0.0 0.53 0.7569921875 0.10779761904761904 0.1961328125
0.0 0.16848214285714286 0.5340625 0.11232142857142857 0.2864453125
0.0 0.20645833333333335 0.5998828125 0.12285714285714286 0.2990234375
0.0 0.07877976190476191 0.79296875 0.14943452380952382 0.39390625
0.0 0.29047619047619044 0.307421875 0.09086309523809524 0.2926171875
0.0 0.6589583333333333 0.237265625 0.09101190476190475 0.10421875
