0.0 0.48678571428571427 0.3126953125 0.0724404761904762 0.228984375
0.0 0.4078571428571428 0.40765625 0.05738095238095239 0.228984375
0.0 0.5326785714285714 0.369921875 0.06845238095238096 0.2112890625
0.0 0.4783928571428572 0.65546875 0.10913690476190477 0.381015625
0.0 0.7477083333333333 0.5891796875 0.14520833333333333 0.3411328125
0.0 0.5699702380952381 0.85 0.12494047619047619 0.2958203125
0.0 0.41035714285714286 0.60609375 0.11550595238095239 0.34703125
0.0 0.5445535714285714 0.759609375 0.10779761904761904 0.1961328125
0.0 0.17797619047619045 0.533984375 0.11318452380952382 0.283515625
0.0 0.21565476190476188 0.601171875 0.11625 0.302265625
0.0 0.0886904761904762 0.795 0.1456547619047619 0.39390625
0.0 0.2905059523809524 0.307421875 0.09092261904761904 0.2926171875
0.0 0.6597321428571428 0.236875 0.09047619047619047 0.1037109375
