0.0 0.5052380952380953 0.3197265625 0.07639880952380954 0.2301953125
0.0 0.4069940476190476 0.4180078125 0.059136904761904766 0.2542578125
0.0 0.5225297619047619 0.36 0.06455357142857143 0.1857421875
0.0 0.5168452380952381 0.65546875 0.11494047619047618 0.381015625
0.0 0.7904464285714285 0.583984375 0.10779761904761904 0.3569140625
0.0 0.6067261904761905 0.8584375 0.12494047619047619 0.2789453125
0.0 0.45130952380952377 0.6069140625 0.153125 0.3440625
0.0 0.5854166666666666 0.76546875 0.10779761904761904 0.1961328125
0.0 0.2063988095238095 0.53375 0.11571428571428573 0.2747265625
0.0 0.24321428571428572 0.605 0.09639880952380953 0.3119140625
0.0 0.11842261904761904 0.8011328125 0.13428571428571429 0.39390625
0.0 0.290625 0.307421875 0.09104166666666666 0.2926171875
0.0 0.6620535714285714 0.2356640625 0.08895833333333333 0.102109375
