0.0 0.5120833333333333 0.322421875 0.07758928571428572 0.2309765625
0.0 0.40669642857142857 0.4214453125 0.05973214285714286 0.26265625
0.0 0.5191369047619048 0.3566796875 0.06327380952380952 0.1772265625
0.0 0.5297023809523809 0.65546875 0.116875 0.381015625
0.0 0.8001488095238096 0.5862890625 0.11827380952380953 0.356328125
0.0 0.6189583333333333 0.86125 0.12494047619047619 0.2733203125
0.0 0.46145833333333336 0.606171875 0.14086309523809523 0.347265625
0.0 0.5971726190476191 0.7661328125 0.10779761904761904 0.1961328125
0.0 0.21589285714285716 0.5337109375 0.11657738095238096 0.2717578125
0.0 0.2517261904761905 0.60671875 0.09333333333333334 0.3130078125
0.0 0.12833333333333333 0.803203125 0.1305059523809524 0.39390625
0.0 0.062321428571428576 0.67109375 0.10035714285714285 0.3433984375
0.0 0.2906547619047619 0.307421875 0.09110119047619047 0.2926171875
0.0 0.662797619047619 0.2352734375 0.08845238095238095 0.1015625
