0.0 0.5327380952380952 0.33046875 0.08107142857142857 0.23328125
0.0 0.40324404761904764 0.4199609375 0.06172619047619047 0.2655859375
0.0 0.5094345238095238 0.352265625 0.06002976190476191 0.1630078125
0.0 0.5683333333333334 0.6574609375 0.12672619047619046 0.381015625
0.0 0.8291964285714286 0.5933203125 0.14967261904761905 0.3545703125
0.0 0.6704166666666667 0.86171875 0.12494047619047619 0.2776953125
0.0 0.49184523809523806 0.603984375 0.10410714285714284 0.3569140625
0.0 0.6324404761904762 0.768046875 0.10779761904761904 0.1961328125
0.0 0.2443154761904762 0.5334765625 0.11913690476190476 0.26296875
0.0 0.2752380952380952 0.61296875 0.09482142857142857 0.3101171875
0.0 0.16342261904761904 0.8060546875 0.13898809523809524 0.386484375
0.0 0.08845238095238095 0.6682421875 0.09994047619047619 0.3490625
0.0 0.2907440476190476 0.307421875 0.09122023809523809 0.2926171875
0.0 0.6605059523809524 0.235078125 0.08818452380952381 0.1012890625
