0.0 0.5430952380952381 0.3344921875 0.08282738095238094 0.2344140625
0.0 0.40125 0.418046875 0.06276785714285714 0.26484375
0.0 0.5057738095238096 0.3638671875 0.06002976190476191 0.1842578125
0.0 0.5877083333333333 0.6589453125 0.13267857142857142 0.381015625
0.0 0.84375 0.596796875 0.16535714285714287 0.3537109375
0.0 0.6961309523809524 0.861953125 0.12494047619047619 0.2798828125
0.0 0.5067261904761905 0.603125 0.0956845238095238 0.3574609375
0.0 0.6558333333333334 0.77859375 0.11044642857142857 0.2183984375
0.0 0.25854166666666667 0.5333984375 0.12041666666666667 0.2585546875
0.0 0.2870238095238095 0.61609375 0.0955357142857143 0.308671875
0.0 0.18151785714285715 0.8071875 0.14520833333333333 0.38203125
0.0 0.10154761904761904 0.6668359375 0.09973214285714285 0.3519140625
0.0 0.2908035714285714 0.307421875 0.0912797619047619 0.2926171875
0.0 0.6588988095238095 0.235078125 0.08818452380952381 0.1012890625
