0.0 0.549970238095238 0.3371484375 0.08398809523809524 0.2351953125
0.0 0.3999404761904762 0.4167578125 0.06345238095238095 0.264296875
0.0 0.5033035714285715 0.3715625 0.06002976190476191 0.1983984375
0.0 0.6005952380952382 0.659921875 0.13663690476190476 0.381015625
0.0 0.8634821428571429 0.596171875 0.15279761904761907 0.3541015625
0.0 0.7132738095238095 0.8620703125 0.12494047619047619 0.2813671875
0.0 0.51625 0.60296875 0.10330357142857143 0.352109375
0.0 0.6713988095238095 0.7856640625 0.11220238095238096 0.233203125
0.0 0.26803571428571427 0.5333203125 0.1212797619047619 0.255625
0.0 0.29544642857142855 0.6132421875 0.09226190476190477 0.307265625
0.0 0.19360119047619045 0.8079296875 0.1493452380952381 0.3790625
0.0 0.11026785714285714 0.6658984375 0.09958333333333333 0.3537890625
0.0 0.2908630952380952 0.307421875 0.09133928571428572 0.2926171875
0.0 0.6578273809523809 0.235078125 0.08818452380952381 0.1012890625
