0.0 0.5568452380952381 0.33984375 0.08514880952380952 0.2359375
0.0 0.39863095238095236 0.41546875 0.06413690476190477 0.2637890625
0.0 0.5008630952380952 0.379296875 0.06002976190476191 0.2125390625
0.0 0.6135416666666667 0.6609375 0.1405952380952381 0.381015625
0.0 0.8832440476190475 0.595625 0.14023809523809522 0.3544921875
0.0 0.7302678571428571 0.863125 0.1255952380952381 0.2813671875
0.0 0.5257738095238095 0.6027734375 0.11092261904761906 0.34671875
0.0 0.6869940476190477 0.792734375 0.11398809523809524 0.248046875
0.0 0.27592261904761906 0.532578125 0.11526785714285713 0.25765625
0.0 0.30389880952380954 0.610390625 0.08901785714285715 0.3058203125
0.0 0.2056547619047619 0.808671875 0.15348214285714284 0.37609375
0.0 0.11898809523809523 0.6649609375 0.0994345238095238 0.355703125
0.0 0.2908928571428571 0.307421875 0.09136904761904761 0.2926171875
0.0 0.6567559523809523 0.235078125 0.08818452380952381 0.1012890625
