0.0 0.5721130952380952 0.3441796875 0.09047619047619047 0.236328125
0.0 0.3966369047619048 0.413515625 0.06517857142857142 0.2630078125
0.0 0.49875 0.3869921875 0.0606547619047619 0.2266796875
0.0 0.6360416666666667 0.66125 0.13976190476190475 0.3842578125
0.0 0.9128869047619048 0.5946875 0.12142857142857141 0.3551171875
0.0 0.7557440476190477 0.864765625 0.12657738095238097 0.2813671875
0.0 0.5401190476190476 0.6025 0.12235119047619047 0.338671875
0.0 0.7103869047619048 0.80328125 0.11663690476190476 0.2702734375
0.0 0.2877976190476191 0.531484375 0.10625000000000001 0.2607421875
0.0 0.316547619047619 0.60609375 0.08410714285714287 0.303671875
0.0 0.22488095238095238 0.8102734375 0.1536607142857143 0.373515625
0.0 0.1320535714285714 0.663515625 0.09922619047619048 0.358515625
0.0 0.05758928571428572 0.850234375 0.09752976190476191 0.2990234375
0.0 0.29095238095238096 0.307421875 0.09142857142857143 0.2926171875
0.0 0.6551488095238095 0.235078125 0.08818452380952381 0.1012890625
