0.0 0.6075297619047619 0.353125 0.10464285714285713 0.236328125
0.0 0.39264880952380954 0.4096875 0.06723214285714285 0.261484375
0.0 0.5006845238095238 0.3869921875 0.06452380952380952 0.2266796875
0.0 0.69375 0.657421875 0.11110119047619046 0.4035546875
0.0 0.9319345238095238 0.5961328125 0.12476190476190477 0.351875
0.0 0.8066964285714286 0.86796875 0.12854166666666667 0.2813671875
0.0 0.5827380952380953 0.6044140625 0.1055059523809524 0.3480859375
0.0 0.7571130952380952 0.8244921875 0.1219642857142857 0.314765625
0.0 0.3115178571428571 0.529296875 0.08818452380952381 0.266875
0.0 0.3456845238095238 0.603515625 0.09375 0.2981640625
0.0 0.26449404761904766 0.8140234375 0.14794642857142856 0.3703125
0.0 0.1480654761904762 0.656953125 0.10919642857142857 0.3495703125
0.0 0.08473214285714285 0.8512890625 0.1093452380952381 0.2990234375
0.0 0.04684523809523809 0.6346875 0.08065476190476191 0.339921875
0.0 0.2910416666666667 0.307421875 0.09157738095238095 0.2926171875
0.0 0.6546130952380952 0.2359765625 0.08818452380952381 0.0994921875
