0.0 0.6429761904761905 0.3620703125 0.11880952380952381 0.236328125
0.0 0.3921726190476191 0.394765625 0.06860119047619048 0.23578125
0.0 0.5026190476190476 0.3869921875 0.06836309523809524 0.2266796875
0.0 0.7360416666666667 0.65609375 0.11267857142857143 0.405546875
0.0 0.9527678571428572 0.5928125 0.12863095238095237 0.3488671875
0.0 0.857827380952381 0.874609375 0.12985119047619048 0.2813671875
0.0 0.6188095238095238 0.6059375 0.10872023809523809 0.3523046875
0.0 0.7955357142857143 0.835546875 0.14413690476190477 0.32046875
0.0 0.34330357142857143 0.5284375 0.09875 0.2719140625
0.0 0.3767857142857143 0.603984375 0.11315476190476191 0.29203125
0.0 0.2964583333333333 0.8192578125 0.1469940476190476 0.3640234375
0.0 0.16407738095238095 0.6504296875 0.11916666666666667 0.340625
0.0 0.11187500000000002 0.85234375 0.12119047619047618 0.2990234375
0.0 0.05758928571428572 0.64953125 0.0875 0.351640625
0.0 0.2911607142857143 0.307421875 0.09169642857142857 0.2926171875
0.0 0.6546130952380952 0.23703125 0.08818452380952381 0.09734375
