0.0 0.664702380952381 0.3606640625 0.11880952380952381 0.2431640625
0.0 0.3954464285714286 0.3762890625 0.06860119047619048 0.198828125
0.0 0.5035714285714286 0.3869921875 0.07029761904761905 0.2266796875
0.0 0.7495535714285714 0.6566796875 0.12863095238095237 0.397890625
0.0 0.8835416666666667 0.8813671875 0.12985119047619048 0.2813671875
0.0 0.6321428571428571 0.60625 0.12434523809523809 0.349296875
0.0 0.8127083333333334 0.83859375 0.1594345238095238 0.3136328125
0.0 0.3591964285714286 0.528046875 0.10401785714285715 0.2744140625
0.0 0.3895238095238095 0.602890625 0.11101190476190476 0.2980078125
0.0 0.3116964285714286 0.82203125 0.1469940476190476 0.3605859375
0.0 0.1717857142857143 0.646328125 0.12229166666666667 0.333125
0.0 0.12544642857142857 0.852890625 0.12711309523809525 0.2990234375
0.0 0.06297619047619048 0.6569140625 0.09089285714285714 0.3575
0.0 0.29122023809523806 0.307421875 0.09175595238095238 0.2926171875
0.0 0.6546130952380952 0.237578125 0.08818452380952381 0.0962890625
