0.0 0.6864583333333334 0.3592578125 0.11880952380952381 0.25
0.0 0.3987202380952381 0.3578125 0.06860119047619048 0.1618359375
0.0 0.5045238095238096 0.3869921875 0.07220238095238096 0.2266796875
0.0 0.7630059523809524 0.657265625 0.14455357142857142 0.3902734375
0.0 0.9092559523809524 0.888125 0.12985119047619048 0.2813671875
0.0 0.649672619047619 0.605859375 0.1305952380952381 0.349296875
0.0 0.8298511904761904 0.8415625 0.17476190476190476 0.306796875
0.0 0.37508928571428574 0.5276171875 0.10928571428571428 0.276953125
0.0 0.4008928571428571 0.60109375 0.10300595238095238 0.308515625
0.0 0.3269047619047619 0.8247265625 0.1469940476190476 0.3571484375
0.0 0.17883928571428573 0.640625 0.12172619047619047 0.3196875
0.0 0.1405357142857143 0.852734375 0.13029761904761905 0.2997265625
0.0 0.06836309523809524 0.6643359375 0.0943154761904762 0.363359375
0.0 0.29125 0.307421875 0.0918154761904762 0.2926171875
0.0 0.6546130952380952 0.238125 0.08818452380952381 0.0951953125
