0.0 0.700952380952381 0.3583203125 0.11880952380952381 0.2545703125
0.0 0.4003571428571429 0.3544921875 0.06860119047619048 0.1554296875
0.0 0.5051785714285715 0.3869921875 0.07351190476190476 0.2266796875
0.0 0.7719940476190476 0.6576953125 0.15514880952380952 0.3851953125
0.0 0.9263988095238095 0.8926171875 0.12985119047619048 0.2813671875
0.0 0.6669642857142857 0.6046484375 0.12235119047619047 0.35328125
0.0 0.841279761904762 0.84359375 0.1849702380952381 0.302265625
0.0 0.38568452380952384 0.52734375 0.11279761904761905 0.2786328125
0.0 0.40845238095238096 0.5999609375 0.09764880952380953 0.315546875
0.0 0.33705357142857145 0.8266015625 0.1469940476190476 0.35484375
0.0 0.18354166666666666 0.6368359375 0.12133928571428572 0.310703125
0.0 0.15261904761904763 0.8517578125 0.12877976190476192 0.30109375
0.0 0.07416666666666667 0.6665234375 0.09547619047619046 0.3615234375
0.0 0.2913095238095238 0.307421875 0.091875 0.2926171875
0.0 0.6546130952380952 0.2384765625 0.08818452380952381 0.0944921875
