0.0 0.7226785714285714 0.3569140625 0.11880952380952381 0.26140625
0.0 0.4019940476190476 0.363046875 0.06860119047619048 0.1730859375
0.0 0.504702380952381 0.3869921875 0.07258928571428572 0.2266796875
0.0 0.7972916666666666 0.6573828125 0.14985119047619047 0.3844140625
0.0 0.9533630952380951 0.89421875 0.12985119047619048 0.2813671875
0.0 0.6929166666666666 0.6028125 0.10994047619047619 0.3593359375
0.0 0.8666369047619048 0.8467578125 0.1761309523809524 0.2988671875
0.0 0.40160714285714283 0.5269140625 0.11806547619047619 0.2811328125
0.0 0.4197916666666667 0.598203125 0.08964285714285715 0.32609375
0.0 0.35526785714285714 0.828515625 0.1469940476190476 0.35046875
0.0 0.19059523809523812 0.6311328125 0.12074404761904763 0.297265625
0.0 0.1707142857142857 0.8502734375 0.12651785714285713 0.3031640625
0.0 0.08288690476190477 0.669765625 0.09726190476190476 0.3587890625
0.0 0.2913095238095238 0.3073828125 0.09175595238095238 0.2926171875
0.0 0.6546130952380952 0.238984375 0.08818452380952381 0.0934375
