0.0 0.78875 0.358046875 0.10901785714285715 0.263671875
0.0 0.40580357142857143 0.3830859375 0.06860119047619048 0.214375
0.0 0.5036309523809523 0.3869921875 0.07044642857142858 0.2266796875
0.0 0.8701785714285715 0.65546875 0.11267857142857143 0.3906640625
0.0 0.7333333333333334 0.605625 0.1275297619047619 0.3606640625
0.0 0.9258333333333333 0.8540625 0.1555654761904762 0.291015625
0.0 0.43886904761904766 0.525390625 0.12863095238095237 0.287265625
0.0 0.4591071428571428 0.59921875 0.11229166666666665 0.30921875
0.0 0.40125 0.832109375 0.1469940476190476 0.33921875
0.0 0.20708333333333334 0.6177734375 0.1194047619047619 0.265859375
0.0 0.21297619047619049 0.8467578125 0.12122023809523809 0.3080078125
0.0 0.10318452380952381 0.67734375 0.1013392857142857 0.352421875
0.0 0.29136904761904764 0.3073046875 0.09151785714285714 0.2926171875
0.0 0.6544047619047619 0.239453125 0.08818452380952381 0.092265625
