0.0 0.8099404761904762 0.3593359375 0.10729166666666666 0.2649609375
0.0 0.40687500000000004 0.3887890625 0.06860119047619048 0.226171875
0.0 0.5033333333333333 0.3869921875 0.06982142857142858 0.2266796875
0.0 0.8786309523809525 0.658515625 0.1268452380952381 0.39390625
0.0 0.7426190476190476 0.607265625 0.13785714285714284 0.359609375
0.0 0.9288988095238095 0.8540625 0.14943452380952382 0.291015625
0.0 0.44979166666666665 0.5240234375 0.12863095238095237 0.2894921875
0.0 0.47095238095238096 0.599765625 0.12071428571428572 0.302421875
0.0 0.41440476190476194 0.833125 0.1469940476190476 0.336015625
0.0 0.21178571428571427 0.613984375 0.11901785714285715 0.256875
0.0 0.22505952380952382 0.84578125 0.11970238095238095 0.309375
0.0 0.10898809523809523 0.6794921875 0.10252976190476192 0.350625
0.0 0.29139880952380953 0.307265625 0.09145833333333334 0.2926171875
0.0 0.6541666666666667 0.2390234375 0.08818452380952381 0.092890625
