0.0 0.9498809523809525 0.3525390625 0.08866071428571429 0.274296875
0.0 0.41011904761904766 0.4030859375 0.06860119047619048 0.255625
0.0 0.49842261904761903 0.359375 0.06002976190476191 0.1714453125
0.0 0.8494940476190477 0.611484375 0.13764880952380953 0.3681640625
0.0 0.5302976190476191 0.5060546875 0.10684523809523809 0.299765625
0.0 0.5361904761904762 0.59171875 0.1030952380952381 0.294765625
0.0 0.5074702380952381 0.8484375 0.1469940476190476 0.302265625
0.0 0.23898809523809522 0.6610546875 0.11196428571428571 0.3098046875
0.0 0.3059523809523809 0.8428125 0.12505952380952381 0.313515625
0.0 0.15226190476190476 0.697578125 0.10779761904761904 0.3515625
0.0 0.29151785714285716 0.307109375 0.09095238095238095 0.2926171875
0.0 0.6525297619047619 0.2358203125 0.08818452380952381 0.09765625
