0.0 0.4102083333333334 0.4030859375 0.06860119047619048 0.255625
0.0 0.49842261904761903 0.3662890625 0.06002976190476191 0.1852734375
0.0 0.859107142857143 0.6119140625 0.15205357142857143 0.3681640625
0.0 0.5406547619047619 0.5016015625 0.09812499999999999 0.299375
0.0 0.5461904761904762 0.59546875 0.11494047619047618 0.296875
0.0 0.5185119047619048 0.8508203125 0.1469940476190476 0.297421875
0.0 0.2425595238095238 0.668046875 0.11098214285714285 0.3180078125
0.0 0.31583333333333335 0.843046875 0.1256845238095238 0.313515625
0.0 0.15797619047619046 0.7003515625 0.10779761904761904 0.354609375
0.0 0.29154761904761906 0.307109375 0.09086309523809524 0.2926171875
0.0 0.6523214285714286 0.235390625 0.08818452380952381 0.09828125
