0.0 0.41026785714285713 0.4030859375 0.06860119047619048 0.255625
0.0 0.49842261904761903 0.3697265625 0.06002976190476191 0.1921875
0.0 0.8639583333333334 0.612109375 0.15922619047619047 0.3681640625
0.0 0.5458035714285714 0.499375 0.09377976190476191 0.29921875
0.0 0.5511607142857142 0.59734375 0.12086309523809524 0.29796875
0.0 0.5240178571428571 0.85203125 0.1469940476190476 0.295
0.0 0.2443154761904762 0.6715234375 0.11047619047619046 0.322109375
0.0 0.32080357142857147 0.84328125 0.12523809523809523 0.313515625
0.0 0.16083333333333333 0.70171875 0.10779761904761904 0.35609375
0.0 0.29154761904761906 0.3070703125 0.09083333333333334 0.2926171875
0.0 0.6522023809523809 0.23515625 0.08818452380952381 0.09859375
