0.0 0.4102976190476191 0.4030859375 0.06860119047619048 0.255625
0.0 0.49842261904761903 0.373203125 0.06002976190476191 0.1990625
0.0 0.8720833333333333 0.6120703125 0.15342261904761903 0.37015625
0.0 0.5509821428571429 0.4971484375 0.0894047619047619 0.2990234375
0.0 0.5561904761904761 0.59921875 0.12678571428571428 0.2990234375
0.0 0.5295238095238095 0.8532421875 0.1469940476190476 0.2926171875
0.0 0.24610119047619047 0.675 0.11 0.3262109375
0.0 0.3257440476190476 0.8435546875 0.12476190476190477 0.313515625
0.0 0.1636904761904762 0.703125 0.10779761904761904 0.3576171875
0.0 0.29157738095238095 0.3070703125 0.09080357142857143 0.2926171875
0.0 0.6521130952380952 0.2349609375 0.08818452380952381 0.09890625
