0.0 0.4105059523809524 0.4030859375 0.06860119047619048 0.255625
0.0 0.49842261904761903 0.3869921875 0.06002976190476191 0.2266796875
0.0 0.9045238095238096 0.6120703125 0.13014880952380953 0.378203125
0.0 0.5671726190476191 0.4990625 0.09169642857142857 0.29515625
0.0 0.5780059523809524 0.6040625 0.13800595238095237 0.303515625
0.0 0.551577380952381 0.8580859375 0.1469940476190476 0.28296875
0.0 0.2575 0.68328125 0.10901785714285715 0.3359375
0.0 0.3455357142857143 0.84453125 0.12285714285714286 0.313515625
0.0 0.17514880952380954 0.7086328125 0.10779761904761904 0.3637109375
0.0 0.29160714285714284 0.30703125 0.0906547619047619 0.2926171875
0.0 0.6516666666666667 0.2341015625 0.08818452380952381 0.10015625
