0.0 0.41065476190476186 0.4030859375 0.06860119047619048 0.255625
0.0 0.4983928571428572 0.3869921875 0.06008928571428572 0.2266796875
0.0 0.9288690476190476 0.6120703125 0.11267857142857143 0.3842578125
0.0 0.5792559523809524 0.5005078125 0.09342261904761905 0.292265625
0.0 0.5983928571428572 0.601640625 0.11842261904761904 0.307265625
0.0 0.568125 0.8616796875 0.1469940476190476 0.275703125
0.0 0.2693154761904762 0.6851953125 0.10901785714285715 0.338203125
0.0 0.3603571428571429 0.8452734375 0.12145833333333333 0.313515625
0.0 0.18372023809523808 0.7128125 0.10779761904761904 0.3682421875
0.0 0.09175595238095238 0.855078125 0.12494047619047619 0.28890625
0.0 0.29163690476190474 0.3069921875 0.0905654761904762 0.2926171875
0.0 0.6513392857142857 0.2334375 0.08818452380952381 0.10109375
