0.0 0.41080357142857143 0.4030859375 0.06860119047619048 0.255625
0.0 0.4983928571428572 0.38703125 0.06014880952380953 0.2266796875
0.0 0.9354166666666667 0.6158984375 0.11532738095238096 0.3794140625
0.0 0.5913988095238095 0.501953125 0.09514880952380952 0.289375
0.0 0.6188392857142857 0.59921875 0.09880952380952382 0.311015625
0.0 0.5846428571428571 0.8653125 0.1469940476190476 0.2684765625
0.0 0.2811011904761905 0.6870703125 0.10901785714285715 0.3405078125
0.0 0.3752083333333333 0.846015625 0.1200297619047619 0.313515625
0.0 0.19166666666666668 0.7086328125 0.10711309523809524 0.353359375
0.0 0.11488095238095239 0.8518359375 0.12494047619047619 0.2954296875
0.0 0.2916666666666667 0.306953125 0.09044642857142857 0.2926171875
0.0 0.6510119047619047 0.2327734375 0.08818452380952381 0.1020703125
