0.0 0.4108630952380953 0.4030859375 0.06860119047619048 0.255625
0.0 0.49842261904761903 0.38703125 0.06017857142857143 0.2266796875
0.0 0.9376190476190477 0.6171484375 0.11619047619047619 0.3778125
0.0 0.5954464285714286 0.502421875 0.09571428571428571 0.2884375
0.0 0.625625 0.5984375 0.09226190476190477 0.312265625
0.0 0.5901785714285714 0.8665234375 0.1469940476190476 0.26609375
0.0 0.2850595238095238 0.687734375 0.10901785714285715 0.34125
0.0 0.3807142857142857 0.845859375 0.12053571428571429 0.313515625
0.0 0.1942261904761905 0.7058984375 0.10678571428571429 0.3451171875
0.0 0.1225892857142857 0.850703125 0.12494047619047619 0.2976171875
0.0 0.2916666666666667 0.306953125 0.09041666666666666 0.2926171875
0.0 0.6508928571428572 0.232578125 0.08818452380952381 0.1023828125
