0.0 0.4113095238095238 0.4030859375 0.06860119047619048 0.255625
0.0 0.4983928571428572 0.3870703125 0.06035714285714286 0.2266796875
0.0 0.6350892857142857 0.507578125 0.11065476190476191 0.291015625
0.0 0.6716369047619047 0.6090234375 0.14455357142857142 0.3106640625
0.0 0.6499107142857143 0.8729296875 0.1537202380952381 0.25484375
0.0 0.3204464285714286 0.6934375 0.10901785714285715 0.348125
0.0 0.430327380952381 0.8444140625 0.12494047619047619 0.313515625
0.0 0.21720238095238095 0.6809375 0.1037202380952381 0.271171875
0.0 0.19196428571428573 0.8409375 0.12494047619047619 0.3171875
0.0 0.2917261904761905 0.3068359375 0.09011904761904763 0.2926171875
0.0 0.6499107142857143 0.230625 0.08818452380952381 0.105234375
