0.0 0.41136904761904763 0.4030859375 0.06860119047619048 0.255625
0.0 0.4983928571428572 0.3870703125 0.06038690476190476 0.2266796875
0.0 0.6397619047619048 0.508203125 0.11318452380952382 0.292265625
0.0 0.6765476190476191 0.61046875 0.1519047619047619 0.3102734375
0.0 0.6571130952380952 0.8733984375 0.15485119047619048 0.254140625
0.0 0.32437499999999997 0.6941015625 0.10901785714285715 0.3488671875
0.0 0.43437499999999996 0.844921875 0.12571428571428572 0.3122265625
0.0 0.21973214285714285 0.678203125 0.10336309523809523 0.26296875
0.0 0.19967261904761907 0.83984375 0.12494047619047619 0.319375
0.0 0.29175595238095237 0.3068359375 0.09005952380952381 0.2926171875
0.0 0.6497916666666667 0.2304296875 0.08818452380952381 0.105546875
