0.0 0.4114285714285715 0.4030859375 0.06860119047619048 0.255625
0.0 0.4983928571428572 0.3870703125 0.06041666666666667 0.2266796875
0.0 0.6444940476190476 0.5088671875 0.11571428571428573 0.2935546875
0.0 0.6842559523809524 0.6097265625 0.14800595238095238 0.311171875
0.0 0.6642857142857143 0.87390625 0.15598214285714285 0.2534765625
0.0 0.32699404761904766 0.6954296875 0.10866071428571428 0.3498046875
0.0 0.4384523809523809 0.845390625 0.12648809523809523 0.3109765625
0.0 0.22229166666666667 0.6754296875 0.10303571428571427 0.2547265625
0.0 0.2073809523809524 0.8387890625 0.12494047619047619 0.3215625
0.0 0.29175595238095237 0.3068359375 0.0900297619047619 0.2926171875
0.0 0.649702380952381 0.2301953125 0.08818452380952381 0.105859375
