0.0 0.41187499999999994 0.4030859375 0.06860119047619048 0.255625
0.0 0.4983630952380952 0.387109375 0.06059523809523809 0.2266796875
0.0 0.6888392857142857 0.51359375 0.13485119047619049 0.302265625
0.0 0.7539285714285714 0.6031640625 0.11291666666666667 0.3190625
0.0 0.7283928571428572 0.8823828125 0.15327380952380953 0.2356640625
0.0 0.350625 0.7078515625 0.1055059523809524 0.358046875
0.0 0.47494047619047625 0.849921875 0.13336309523809525 0.2994921875
0.0 0.2488392857142857 0.6978125 0.10574404761904763 0.274921875
0.0 0.2880059523809524 0.827890625 0.12357142857142858 0.339609375
0.0 0.08556547619047619 0.6815625 0.1325595238095238 0.3163671875
0.0 0.2918452380952381 0.30671875 0.08973214285714286 0.2926171875
0.0 0.648720238095238 0.22828125 0.08818452380952381 0.108671875
