0.0 0.41196428571428567 0.4030859375 0.06860119047619048 0.255625
0.0 0.4983928571428572 0.387109375 0.060625000000000005 0.2266796875
0.0 0.7024107142857142 0.5128125 0.13258928571428572 0.2990234375
0.0 0.7652083333333334 0.60296875 0.11526785714285713 0.319921875
0.0 0.7424999999999999 0.885 0.15038690476190478 0.229609375
0.0 0.35586309523809523 0.710625 0.10482142857142857 0.3598828125
0.0 0.4830654761904762 0.8509375 0.13488095238095238 0.296953125
0.0 0.25535714285714284 0.71125 0.10738095238095238 0.2961328125
0.0 0.3059226190476191 0.8255078125 0.12327380952380954 0.3436328125
0.0 0.09610119047619048 0.6826953125 0.13461309523809523 0.3176171875
0.0 0.2918452380952381 0.3066796875 0.08967261904761904 0.2926171875
0.0 0.6484821428571428 0.2278515625 0.08818452380952381 0.1093359375
