0.0 0.4120238095238095 0.4030859375 0.06860119047619048 0.255625
0.0 0.4983630952380952 0.387109375 0.0606547619047619 0.2266796875
0.0 0.7091964285714285 0.512421875 0.13148809523809524 0.297421875
0.0 0.76875 0.603515625 0.12154761904761906 0.319921875
0.0 0.7495535714285714 0.886328125 0.14892857142857144 0.2266015625
0.0 0.35848214285714286 0.711953125 0.10446428571428572 0.3608203125
0.0 0.48714285714285716 0.8514453125 0.1356547619047619 0.295703125
0.0 0.2586309523809524 0.717890625 0.10821428571428571 0.3067578125
0.0 0.3148809523809524 0.824296875 0.12309523809523809 0.3456640625
0.0 0.10169642857142858 0.68265625 0.13080357142857144 0.318515625
0.0 0.2918452380952381 0.3066796875 0.08964285714285715 0.2926171875
0.0 0.6484821428571428 0.228046875 0.08818452380952381 0.10890625
