0.0 0.41208333333333336 0.4030859375 0.06860119047619048 0.255625
0.0 0.4983630952380952 0.387109375 0.06068452380952381 0.2266796875
0.0 0.7159821428571428 0.5119921875 0.13035714285714284 0.2958203125
0.0 0.7722916666666667 0.6040234375 0.12779761904761905 0.319921875
0.0 0.7566369047619047 0.8876953125 0.14750000000000002 0.2235546875
0.0 0.3611011904761905 0.713359375 0.10410714285714284 0.36171875
0.0 0.4911904761904762 0.851953125 0.13642857142857143 0.2944140625
0.0 0.2619047619047619 0.724609375 0.10901785714285715 0.31734375
0.0 0.3238392857142857 0.8230859375 0.12294642857142858 0.34765625
0.0 0.10726190476190475 0.6825390625 0.12699404761904762 0.3194140625
0.0 0.291875 0.3066796875 0.08958333333333333 0.2926171875
0.0 0.6484821428571428 0.22828125 0.08818452380952381 0.1084765625
