0.0 0.41211309523809525 0.4030859375 0.06860119047619048 0.255625
0.0 0.4983630952380952 0.387109375 0.06068452380952381 0.2266796875
0.0 0.7227678571428571 0.5116015625 0.1292261904761905 0.29421875
0.0 0.7758035714285715 0.6045703125 0.13404761904761905 0.319921875
0.0 0.7636904761904763 0.888984375 0.14604166666666668 0.220546875
0.0 0.36413690476190474 0.7135546875 0.10488095238095238 0.36125
0.0 0.49526785714285715 0.852421875 0.13720238095238096 0.293125
0.0 0.26517857142857143 0.731328125 0.10982142857142857 0.32796875
0.0 0.332797619047619 0.821875 0.12279761904761904 0.3496875
0.0 0.11285714285714286 0.6824609375 0.12318452380952381 0.3203125
0.0 0.291875 0.3066796875 0.08955357142857143 0.2926171875
0.0 0.6484821428571428 0.2284765625 0.08818452380952381 0.108046875
