0.0 0.4121726190476191 0.4030859375 0.06860119047619048 0.255625
0.0 0.4983630952380952 0.3871484375 0.06071428571428571 0.2266796875
0.0 0.7295535714285715 0.5112109375 0.1280952380952381 0.2926171875
0.0 0.7793452380952381 0.6051171875 0.14032738095238095 0.319921875
0.0 0.7707738095238096 0.8903125 0.14461309523809524 0.2175
0.0 0.36717261904761905 0.7137109375 0.1056547619047619 0.360703125
0.0 0.4993154761904762 0.8529296875 0.13794642857142858 0.291875
0.0 0.26842261904761905 0.7380078125 0.11065476190476191 0.33859375
0.0 0.34175595238095235 0.820703125 0.12264880952380952 0.3516796875
0.0 0.11842261904761904 0.6823828125 0.119375 0.321171875
0.0 0.291875 0.306640625 0.08952380952380952 0.2926171875
0.0 0.6484821428571428 0.2287109375 0.08818452380952381 0.107578125
