0.0 0.41232142857142856 0.4030859375 0.06860119047619048 0.255625
0.0 0.4983630952380952 0.3871484375 0.06077380952380953 0.2266796875
0.0 0.7499404761904762 0.51 0.12473214285714285 0.2877734375
0.0 0.7899702380952381 0.60671875 0.15910714285714286 0.319921875
0.0 0.7919345238095238 0.894296875 0.14029761904761906 0.2084375
0.0 0.37625000000000003 0.71421875 0.10797619047619048 0.35921875
0.0 0.5114583333333333 0.854453125 0.14023809523809522 0.288046875
0.0 0.2782440476190476 0.7580859375 0.1130952380952381 0.3704296875
0.0 0.3692857142857143 0.8137890625 0.12133928571428572 0.35484375
0.0 0.13517857142857143 0.682109375 0.10791666666666666 0.3238671875
0.0 0.2919047619047619 0.3066015625 0.0894047619047619 0.2926171875
0.0 0.6484821428571428 0.2293359375 0.08818452380952381 0.1062890625
