0.0 0.4123809523809524 0.4030859375 0.06860119047619048 0.255625
0.0 0.4982440476190476 0.3870703125 0.060505952380952376 0.2266796875
0.0 0.7567261904761905 0.509609375 0.12363095238095238 0.286171875
0.0 0.7935119047619048 0.607265625 0.16535714285714287 0.319921875
0.0 0.7990178571428572 0.8955859375 0.13883928571428572 0.205390625
0.0 0.3792857142857143 0.714375 0.10875 0.358671875
0.0 0.5155357142857143 0.8549609375 0.14101190476190478 0.286796875
0.0 0.28148809523809526 0.7648046875 0.11392857142857143 0.381015625
0.0 0.37860119047619045 0.8109765625 0.12077380952380952 0.355390625
0.0 0.14074404761904763 0.68203125 0.10410714285714284 0.324765625
0.0 0.2919047619047619 0.3066015625 0.08937500000000001 0.2926171875
0.0 0.6484821428571428 0.2295703125 0.08818452380952381 0.105859375
