0.0 0.41241071428571424 0.4030859375 0.06860119047619048 0.255625
0.0 0.49812500000000004 0.3869921875 0.060267857142857144 0.2266796875
0.0 0.7635119047619048 0.5091796875 0.12249999999999998 0.2845703125
0.0 0.8020238095238096 0.6070703125 0.15761904761904763 0.3228125
0.0 0.8060416666666667 0.896953125 0.1374107142857143 0.2023828125
0.0 0.3823214285714286 0.7145703125 0.10952380952380951 0.358203125
0.0 0.5195833333333334 0.8554296875 0.1417857142857143 0.2855078125
0.0 0.2844642857142857 0.7648046875 0.1162797619047619 0.381015625
0.0 0.3878869047619048 0.808125 0.12017857142857144 0.3559765625
0.0 0.14735119047619047 0.6812109375 0.1075297619047619 0.32671875
0.0 0.29193452380952384 0.3066015625 0.08934523809523809 0.2926171875
0.0 0.6484821428571428 0.229765625 0.08818452380952381 0.1054296875
