0.0 0.41261904761904755 0.4030859375 0.06860119047619048 0.255625
0.0 0.4977083333333333 0.3866796875 0.05919642857142857 0.2266796875
0.0 0.7908035714285714 0.5146875 0.12598214285714285 0.29375
0.0 0.8360416666666668 0.6063671875 0.12657738095238097 0.33421875
0.0 0.825625 0.898828125 0.1380357142857143 0.198203125
0.0 0.3944345238095238 0.715234375 0.11261904761904763 0.356171875
0.0 0.5343154761904761 0.856953125 0.14032738095238095 0.282265625
0.0 0.2963392857142857 0.7648046875 0.1256845238095238 0.381015625
0.0 0.4250595238095238 0.7967578125 0.11788690476190476 0.3582421875
0.0 0.17375000000000002 0.6780078125 0.1211309523809524 0.3345703125
0.0 0.2919642857142857 0.3065625 0.08922619047619047 0.2926171875
0.0 0.6484821428571428 0.2306640625 0.08818452380952381 0.1037109375
