0.0 0.41297619047619044 0.4030859375 0.06860119047619048 0.255625
0.0 0.4969642857142857 0.3861328125 0.05735119047619047 0.2266796875
0.0 0.8386011904761904 0.5243359375 0.13211309523809525 0.30984375
0.0 0.8843749999999999 0.6120703125 0.1200297619047619 0.3424609375
0.0 0.8547619047619047 0.90015625 0.14282738095238096 0.1955078125
0.0 0.4156547619047619 0.71640625 0.11803571428571427 0.352578125
0.0 0.5574107142857143 0.858671875 0.12988095238095237 0.2798046875
0.0 0.3171130952380952 0.7648046875 0.14217261904761905 0.381015625
0.0 0.4901488095238095 0.7769140625 0.11383928571428571 0.3622265625
0.0 0.21952380952380954 0.669765625 0.12473214285714285 0.3341015625
0.0 0.2920238095238095 0.306484375 0.08895833333333333 0.2926171875
0.0 0.6484821428571428 0.2321484375 0.08818452380952381 0.1006640625
