0.0 0.4130357142857143 0.4030859375 0.06860119047619048 0.255625
0.0 0.49684523809523806 0.3860546875 0.05708333333333333 0.2266796875
0.0 0.8453869047619048 0.525703125 0.13297619047619047 0.312109375
0.0 0.8891369047619048 0.6142578125 0.1282142857142857 0.3413671875
0.0 0.8589285714285715 0.9003515625 0.14351190476190476 0.1951171875
0.0 0.4186904761904762 0.7166015625 0.11880952380952381 0.352109375
0.0 0.5607142857142857 0.85890625 0.12839285714285714 0.279453125
0.0 0.3200892857142857 0.7648046875 0.14455357142857142 0.381015625
0.0 0.4994345238095238 0.7741015625 0.11327380952380953 0.3627734375
0.0 0.22598214285714288 0.668046875 0.12136904761904763 0.331328125
0.0 0.2920238095238095 0.3064453125 0.08892857142857143 0.2926171875
0.0 0.6484821428571428 0.2323828125 0.08818452380952381 0.100234375
