0.0 0.4130654761904762 0.4030859375 0.06860119047619048 0.255625
0.0 0.4967261904761905 0.3859765625 0.0568452380952381 0.2266796875
0.0 0.8522321428571429 0.527109375 0.1338690476190476 0.3144140625
0.0 0.8938988095238096 0.6163671875 0.1363690476190476 0.3403125
0.0 0.8630952380952381 0.900546875 0.1441964285714286 0.1947265625
0.0 0.42193452380952384 0.7187109375 0.11860119047619049 0.35390625
0.0 0.5640178571428571 0.859140625 0.1269047619047619 0.2791015625
0.0 0.3235119047619048 0.766484375 0.14056547619047619 0.383828125
0.0 0.5087202380952381 0.77125 0.11267857142857143 0.363359375
0.0 0.23244047619047617 0.66640625 0.11803571428571427 0.3285546875
0.0 0.2920535714285714 0.3064453125 0.08889880952380953 0.2926171875
0.0 0.6484821428571428 0.2326171875 0.08818452380952381 0.0998046875
