0.0 0.41318452380952386 0.4030859375 0.06860119047619048 0.255625
0.0 0.4968154761904762 0.3858203125 0.056220238095238094 0.2266796875
0.0 0.8668154761904762 0.529375 0.1330654761904762 0.3176171875
0.0 0.9033928571428572 0.620625 0.15270833333333333 0.3381640625
0.0 0.8714285714285714 0.9009765625 0.1455654761904762 0.1939453125
0.0 0.428452380952381 0.722890625 0.118125 0.3575
0.0 0.5706249999999999 0.8596484375 0.12392857142857143 0.2783984375
0.0 0.33035714285714285 0.76984375 0.13258928571428572 0.389453125
0.0 0.5287202380952382 0.771484375 0.10967261904761905 0.37078125
0.0 0.24535714285714286 0.6630078125 0.11136904761904762 0.3230078125
0.0 0.2920535714285714 0.30640625 0.08883928571428572 0.2926171875
0.0 0.6484821428571428 0.233046875 0.08818452380952381 0.0989453125
