0.0 0.41348214285714285 0.4030859375 0.06860119047619048 0.255625
0.0 0.4981547619047619 0.3853515625 0.05407738095238096 0.2266796875
0.0 0.9132142857142856 0.534609375 0.12303571428571429 0.3228515625
0.0 0.9358035714285714 0.6228125 0.1330952380952381 0.3403125
0.0 0.8964285714285714 0.902109375 0.14970238095238095 0.191640625
0.0 0.44797619047619053 0.7355859375 0.11675595238095238 0.368359375
0.0 0.5904464285714285 0.86109375 0.1149702380952381 0.276328125
0.0 0.3508630952380952 0.7798828125 0.10872023809523809 0.4063671875
0.0 0.5886309523809524 0.7721875 0.100625 0.3930078125
0.0 0.28369047619047616 0.6559765625 0.10029761904761905 0.3125
0.0 0.29211309523809526 0.3063671875 0.08863095238095238 0.2926171875
0.0 0.6488690476190476 0.2334765625 0.08741071428571429 0.0980859375
