0.0 0.4135714285714286 0.4030859375 0.06860119047619048 0.255625
0.0 0.4985714285714286 0.3851953125 0.053392857142857145 0.2266796875
0.0 0.9286904761904763 0.5363671875 0.11970238095238095 0.324609375
0.0 0.9472321428571429 0.62171875 0.11514880952380951 0.3424609375
0.0 0.9047619047619048 0.9025 0.15107142857142858 0.190859375
0.0 0.45449404761904766 0.739765625 0.1162797619047619 0.3719921875
0.0 0.5970535714285715 0.8616015625 0.11199404761904763 0.275625
0.0 0.35770833333333335 0.78328125 0.10074404761904762 0.4119921875
0.0 0.6086011904761905 0.7725 0.0976190476190476 0.4004296875
0.0 0.2961607142857143 0.655703125 0.10258928571428572 0.3130859375
0.0 0.29211309523809526 0.306328125 0.08857142857142858 0.2926171875
0.0 0.649077380952381 0.2334765625 0.08702380952380952 0.0980859375
