0.0 0.4137797619047619 0.4030859375 0.06860119047619048 0.255625
0.0 0.4994345238095238 0.3848828125 0.05196428571428572 0.2266796875
0.0 0.9463690476190477 0.5336328125 0.10901785714285715 0.31734375
0.0 0.9717261904761905 0.62171875 0.06613095238095237 0.3424609375
0.0 0.4675 0.7482421875 0.11535714285714285 0.37921875
0.0 0.6078273809523809 0.862421875 0.11145833333333334 0.273984375
0.0 0.3680357142857143 0.7873046875 0.09833333333333333 0.411796875
0.0 0.6458928571428572 0.7705859375 0.09532738095238096 0.4102734375
0.0 0.3211309523809524 0.655078125 0.10717261904761904 0.314296875
0.0 0.29217261904761904 0.3062890625 0.08842261904761906 0.2926171875
0.0 0.6494940476190476 0.2334765625 0.08622023809523809 0.0980859375
