0.0 0.41383928571428574 0.4030859375 0.06860119047619048 0.255625
0.0 0.499672619047619 0.3848046875 0.05160714285714286 0.2266796875
0.0 0.9475 0.5313671875 0.10535714285714286 0.3128515625
0.0 0.4707440476190476 0.7503515625 0.11514880952380951 0.381015625
0.0 0.6098809523809523 0.8626171875 0.11267857142857143 0.2735546875
0.0 0.370327380952381 0.788125 0.09886904761904762 0.4108203125
0.0 0.6532738095238095 0.768359375 0.09755952380952382 0.4089453125
0.0 0.32735119047619043 0.654921875 0.10833333333333332 0.314609375
0.0 0.29217261904761904 0.3062890625 0.08839285714285713 0.2926171875
0.0 0.6495535714285714 0.2334765625 0.08601190476190476 0.0980859375
