0.0 0.41389880952380953 0.4030859375 0.06860119047619048 0.255625
0.0 0.4998809523809524 0.3847265625 0.05125 0.2266796875
0.0 0.9486011904761905 0.529140625 0.10166666666666666 0.308359375
0.0 0.47425595238095236 0.7514453125 0.11779761904761904 0.380390625
0.0 0.6119940476190476 0.8628125 0.11392857142857143 0.2730859375
0.0 0.3726488095238095 0.78890625 0.0994047619047619 0.4098046875
0.0 0.6605952380952381 0.766015625 0.09976190476190477 0.4076171875
0.0 0.33360119047619047 0.6548046875 0.10946428571428572 0.314921875
0.0 0.29217261904761904 0.30625 0.08836309523809524 0.2926171875
0.0 0.649672619047619 0.2334765625 0.08583333333333333 0.0980859375
