0.0 0.4114583333333333 0.3752734375 0.05267857142857143 0.1807421875
0.0 0.36166666666666664 0.401484375 0.05348214285714285 0.2266796875
0.0 0.8658035714285715 0.8395703125 0.1261607142857143 0.3183203125
0.0 0.3175 0.5895703125 0.11842261904761904 0.3256640625
0.0 0.2857738095238095 0.4062890625 0.10288690476190476 0.21703125
0.0 0.2207142857142857 0.68765625 0.13083333333333333 0.41171875
0.0 0.145625 0.6215625 0.08511904761904762 0.3175390625
0.0 0.08166666666666667 0.4529296875 0.08297619047619047 0.2797265625
0.0 0.29252976190476193 0.2444140625 0.08696428571428572 0.169765625
0.0 0.6546130952380952 0.236015625 0.07595238095238095 0.0929296875
