0.0 0.4114583333333333 0.3690234375 0.05267857142857143 0.1682421875
0.0 0.35848214285714286 0.399375 0.05205357142857142 0.2225
0.0 0.8891964285714286 0.8390625 0.1261607142857143 0.3183203125
0.0 0.3727380952380952 0.5951953125 0.11267857142857143 0.3344140625
0.0 0.31238095238095237 0.413046875 0.09202380952380954 0.21703125
0.0 0.2565476190476191 0.69328125 0.13863095238095238 0.4066015625
0.0 0.18577380952380954 0.625703125 0.08818452380952381 0.3149609375
0.0 0.11797619047619048 0.458828125 0.09389880952380952 0.273828125
0.0 0.9197321428571428 0.3778125 0.12827380952380954 0.3328125
0.0 0.29252976190476193 0.25015625 0.08696428571428572 0.18125
0.0 0.6546130952380952 0.236171875 0.07595238095238095 0.0926953125
