0.0 0.4114583333333333 0.367265625 0.05267857142857143 0.1646875
0.0 0.35848214285714286 0.39796875 0.05205357142857142 0.2197265625
0.0 0.8958630952380953 0.8389453125 0.1261607142857143 0.3183203125
0.0 0.3791666666666667 0.5951953125 0.10928571428571428 0.3344140625
0.0 0.3199702380952381 0.4149609375 0.08892857142857143 0.21703125
0.0 0.2667857142857143 0.6948828125 0.14086309523809523 0.40515625
0.0 0.20092261904761907 0.62640625 0.08818452380952381 0.3164453125
0.0 0.1281845238095238 0.46078125 0.0974404761904762 0.271328125
0.0 0.9027678571428571 0.3789453125 0.14821428571428572 0.3295703125
0.0 0.29252976190476193 0.2596875 0.08696428571428572 0.2003515625
0.0 0.07026785714285715 0.41171875 0.05925595238095238 0.2652734375
0.0 0.6546130952380952 0.2362109375 0.07595238095238095 0.0926171875
