0.0 0.4114583333333333 0.36546875 0.05267857142857143 0.1611328125
0.0 0.35848214285714286 0.3966015625 0.05205357142857142 0.2169140625
0.0 0.9025595238095238 0.8387890625 0.1261607142857143 0.3183203125
0.0 0.3855654761904762 0.5951953125 0.10589285714285714 0.3344140625
0.0 0.3275595238095238 0.4169140625 0.08583333333333333 0.21703125
0.0 0.27922619047619046 0.69546875 0.14717261904761905 0.4030859375
0.0 0.21607142857142855 0.6271484375 0.08818452380952381 0.317890625
0.0 0.13788690476190477 0.461640625 0.09645833333333333 0.270703125
0.0 0.8929761904761906 0.3787890625 0.1324404761904762 0.3313671875
0.0 0.29252976190476193 0.26921875 0.08696428571428572 0.219453125
0.0 0.07898809523809523 0.4129296875 0.06261904761904762 0.2652734375
0.0 0.6546130952380952 0.23625 0.07595238095238095 0.0925390625
