0.0 0.41083333333333333 0.363515625 0.05267857142857143 0.1575390625
0.0 0.35848214285714286 0.3944921875 0.05205357142857142 0.212734375
0.0 0.9053571428571429 0.8429296875 0.13178571428571428 0.3099609375
0.0 0.39517857142857143 0.5951953125 0.10083333333333334 0.3344140625
0.0 0.33895833333333336 0.4198046875 0.08116071428571428 0.21703125
0.0 0.2978571428571429 0.696328125 0.15660714285714286 0.3999609375
0.0 0.2387797619047619 0.6282421875 0.08818452380952381 0.320078125
0.0 0.15166666666666667 0.4613671875 0.08818452380952381 0.2725
0.0 0.8782738095238096 0.378515625 0.10875 0.3340625
0.0 0.29252976190476193 0.2835546875 0.08696428571428572 0.2480859375
0.0 0.09208333333333334 0.4147265625 0.06767857142857142 0.2652734375
0.0 0.6546130952380952 0.2362890625 0.07595238095238095 0.092421875
