0.0 0.40961309523809525 0.3631640625 0.05267857142857143 0.1575390625
0.0 0.35848214285714286 0.3930859375 0.05205357142857142 0.2099609375
0.0 0.9072321428571428 0.8457421875 0.1355059523809524 0.304375
0.0 0.40160714285714283 0.5951953125 0.0974404761904762 0.3344140625
0.0 0.3491369047619048 0.422265625 0.08017857142857143 0.221484375
0.0 0.31029761904761904 0.696875 0.16291666666666668 0.397890625
0.0 0.2539285714285714 0.628984375 0.08818452380952381 0.3215625
0.0 0.16083333333333333 0.461171875 0.08267857142857143 0.2737109375
0.0 0.8684821428571429 0.378359375 0.09294642857142857 0.3358203125
0.0 0.29252976190476193 0.2930859375 0.08696428571428572 0.2671875
0.0 0.10083333333333334 0.4159375 0.07104166666666667 0.2652734375
0.0 0.6546130952380952 0.236328125 0.07595238095238095 0.09234375
