0.0 0.40717261904761903 0.362421875 0.05267857142857143 0.1575390625
0.0 0.35848214285714286 0.3903125 0.05205357142857142 0.204375
0.0 0.910952380952381 0.851328125 0.14300595238095237 0.293203125
0.0 0.41440476190476194 0.5951953125 0.0906547619047619 0.3344140625
0.0 0.3747916666666667 0.4281640625 0.08244047619047619 0.239296875
0.0 0.3351190476190476 0.698046875 0.17550595238095237 0.3937890625
0.0 0.27032738095238096 0.6297265625 0.08479166666666667 0.317109375
0.0 0.18229166666666666 0.4609375 0.07595238095238095 0.2737109375
0.0 0.8438392857142857 0.3801171875 0.0894047619047619 0.3351171875
0.0 0.29252976190476193 0.3049609375 0.08696428571428572 0.2909375
0.0 0.12285714285714286 0.413203125 0.06613095238095237 0.2652734375
0.0 0.6546130952380952 0.23640625 0.07595238095238095 0.0922265625
