0.0 0.40595238095238095 0.3620703125 0.05267857142857143 0.1575390625
0.0 0.35848214285714286 0.38890625 0.05205357142857142 0.2015625
0.0 0.9128273809523809 0.8541015625 0.14672619047619045 0.2876171875
0.0 0.4278869047619048 0.5953515625 0.09749999999999999 0.3340625
0.0 0.3875892857142857 0.4311328125 0.08357142857142856 0.248203125
0.0 0.3475595238095238 0.6986328125 0.1818154761904762 0.39171875
0.0 0.2785416666666667 0.630078125 0.0830952380952381 0.31484375
0.0 0.19452380952380952 0.4609375 0.07473214285714286 0.2725
0.0 0.8289880952380952 0.382109375 0.10166666666666666 0.3326171875
0.0 0.29252976190476193 0.300078125 0.08696428571428572 0.2811328125
0.0 0.13389880952380953 0.411796875 0.06369047619047619 0.2652734375
0.0 0.6546130952380952 0.2364453125 0.07595238095238095 0.0921484375
