0.0 0.40532738095238097 0.3619140625 0.05267857142857143 0.1575390625
0.0 0.35848214285714286 0.388203125 0.05205357142857142 0.20015625
0.0 0.9137797619047618 0.855546875 0.14860119047619047 0.2848046875
0.0 0.4346130952380952 0.5954296875 0.10092261904761904 0.33390625
0.0 0.3940178571428571 0.4326171875 0.08413690476190476 0.25265625
0.0 0.3537797619047619 0.69890625 0.1849702380952381 0.3906640625
0.0 0.2826190476190476 0.6302734375 0.08226190476190476 0.31375
0.0 0.20065476190476192 0.4609375 0.07410714285714286 0.2719140625
0.0 0.821577380952381 0.3830859375 0.10779761904761904 0.3313671875
0.0 0.29252976190476193 0.2976171875 0.08696428571428572 0.27625
0.0 0.13940476190476192 0.4111328125 0.06247023809523809 0.2652734375
0.0 0.6546130952380952 0.2364453125 0.07595238095238095 0.092109375
