0.0 0.4035119047619048 0.3613671875 0.05267857142857143 0.1575390625
0.0 0.35848214285714286 0.3861328125 0.05205357142857142 0.1959765625
0.0 0.9165773809523811 0.8596875 0.1542261904761905 0.2764453125
0.0 0.4548511904761905 0.5956640625 0.1112202380952381 0.3334375
0.0 0.4132142857142857 0.437109375 0.08583333333333333 0.266015625
0.0 0.3608928571428572 0.69375 0.1707142857142857 0.3973046875
0.0 0.2949404761904762 0.6308203125 0.07970238095238096 0.3104296875
0.0 0.21901785714285715 0.4609375 0.07226190476190476 0.270078125
0.0 0.799345238095238 0.386015625 0.1261607142857143 0.3276171875
0.0 0.29252976190476193 0.2903125 0.08696428571428572 0.2616015625
0.0 0.15133928571428573 0.4123046875 0.06431547619047619 0.2628515625
0.0 0.6546130952380952 0.236484375 0.07595238095238095 0.0919921875
