0.0 0.40127976190476194 0.369609375 0.0543452380952381 0.1758203125
0.0 0.35848214285714286 0.379140625 0.05205357142857142 0.18203125
0.0 0.5082142857142857 0.590703125 0.0955357142857143 0.3433984375
0.0 0.46880952380952384 0.4301171875 0.08696428571428572 0.233984375
0.0 0.40863095238095243 0.6892578125 0.15660714285714286 0.408359375
0.0 0.3361607142857143 0.64875 0.09074404761904761 0.3211328125
0.0 0.2785714285714286 0.462578125 0.06886904761904762 0.2684765625
0.0 0.7318749999999999 0.3869921875 0.09309523809523809 0.3295703125
0.0 0.29252976190476193 0.265859375 0.08696428571428572 0.2126953125
0.0 0.19687500000000002 0.417265625 0.07044642857142858 0.258828125
0.0 0.6546130952380952 0.2366796875 0.07595238095238095 0.091640625
