0.0 0.4017857142857143 0.375078125 0.05535714285714286 0.186796875
0.0 0.35848214285714286 0.37703125 0.05205357142857142 0.1778515625
0.0 0.5214583333333334 0.588046875 0.08083333333333334 0.3487109375
0.0 0.48482142857142857 0.42640625 0.08696428571428572 0.2186328125
0.0 0.4301488095238095 0.6916796875 0.16238095238095238 0.408359375
0.0 0.34854166666666664 0.656171875 0.09657738095238096 0.3271875
0.0 0.2944047619047619 0.4649609375 0.07113095238095238 0.2733203125
0.0 0.7192261904761905 0.38671875 0.10125 0.3258203125
0.0 0.29252976190476193 0.258515625 0.08696428571428572 0.1980078125
0.0 0.2145238095238095 0.4194140625 0.07226190476190476 0.26046875
0.0 0.6546130952380952 0.2364453125 0.07595238095238095 0.0921484375
