0.0 0.4022916666666666 0.3805859375 0.05633928571428572 0.197734375
0.0 0.35848214285714286 0.3749609375 0.05205357142857142 0.173671875
0.0 0.539345238095238 0.5863671875 0.07988095238095239 0.346953125
0.0 0.506875 0.428203125 0.08696428571428572 0.2174609375
0.0 0.45166666666666666 0.6940625 0.16815476190476192 0.408359375
0.0 0.3644642857142857 0.6590625 0.09907738095238094 0.3328125
0.0 0.3102380952380952 0.4673828125 0.07339285714285715 0.278125
0.0 0.706577380952381 0.386484375 0.10943452380952381 0.3220703125
0.0 0.29252976190476193 0.251171875 0.08696428571428572 0.183359375
0.0 0.23220238095238094 0.4215625 0.07410714285714286 0.2620703125
0.0 0.6546130952380952 0.236171875 0.07595238095238095 0.0926171875
