0.0 0.4027678571428572 0.379140625 0.05633928571428572 0.197734375
0.0 0.35848214285714286 0.3742578125 0.05205357142857142 0.172265625
0.0 0.5461011904761905 0.5859375 0.08181547619047619 0.34515625
0.0 0.5142261904761904 0.4287890625 0.08696428571428572 0.21703125
0.0 0.45883928571428567 0.6948828125 0.17008928571428572 0.408359375
0.0 0.3720833333333333 0.6569921875 0.09773809523809525 0.3344140625
0.0 0.3155059523809524 0.468203125 0.07416666666666667 0.2797265625
0.0 0.7023511904761905 0.3863671875 0.11214285714285714 0.3208203125
0.0 0.29252976190476193 0.24875 0.08696428571428572 0.1784375
0.0 0.2380654761904762 0.422265625 0.07473214285714286 0.262578125
0.0 0.6546130952380952 0.23609375 0.07595238095238095 0.0928125
