0.0 0.40375 0.37625 0.05633928571428572 0.197734375
0.0 0.35848214285714286 0.3728515625 0.05205357142857142 0.1694921875
0.0 0.5595833333333333 0.58515625 0.08574404761904761 0.341640625
0.0 0.5289285714285714 0.43 0.08696428571428572 0.21625
0.0 0.47318452380952386 0.696484375 0.17392857142857143 0.408359375
0.0 0.38732142857142854 0.6529296875 0.095 0.3376171875
0.0 0.32607142857142857 0.4698046875 0.0756547619047619 0.28296875
0.0 0.6939285714285715 0.3862109375 0.1175892857142857 0.3183203125
0.0 0.29252976190476193 0.2527734375 0.08696428571428572 0.186484375
0.0 0.24985119047619048 0.4237109375 0.07595238095238095 0.263671875
0.0 0.6546130952380952 0.2359375 0.07595238095238095 0.093125
