0.0 0.40619047619047616 0.368984375 0.05633928571428572 0.197734375
0.0 0.35848214285714286 0.369375 0.05205357142857142 0.1625
0.0 0.5932440476190477 0.5831640625 0.0955357142857143 0.3328125
0.0 0.5656845238095238 0.4330078125 0.08696428571428572 0.21421875
0.0 0.4992261904761905 0.6948828125 0.14636904761904762 0.4115625
0.0 0.42544642857142856 0.6426171875 0.08818452380952381 0.3456640625
0.0 0.3505059523809524 0.474609375 0.08616071428571428 0.281875
0.0 0.6682738095238095 0.3862109375 0.08008928571428571 0.3183203125
0.0 0.29252976190476193 0.2628125 0.08696428571428572 0.2066015625
0.0 0.2792857142857143 0.427265625 0.07901785714285714 0.266328125
0.0 0.922529761904762 0.380234375 0.10482142857142857 0.293984375
0.0 0.6546130952380952 0.2355078125 0.07595238095238095 0.0939453125
