0.0 0.40717261904761903 0.3633203125 0.05633928571428572 0.1921875
0.0 0.35848214285714286 0.3666015625 0.05205357142857142 0.1569140625
0.0 0.6145535714285715 0.583125 0.09800595238095237 0.336640625
0.0 0.5947916666666666 0.44265625 0.09860119047619048 0.2359375
0.0 0.5200595238095238 0.69359375 0.12434523809523809 0.414140625
0.0 0.4467857142857143 0.643984375 0.1056845238095238 0.3456640625
0.0 0.3690178571428571 0.47890625 0.09812499999999999 0.276171875
0.0 0.6461011904761905 0.386640625 0.06068452380952381 0.3174609375
0.0 0.29252976190476193 0.270859375 0.08696428571428572 0.22265625
0.0 0.2953571428571428 0.4321484375 0.08529761904761905 0.2708203125
0.0 0.901547619047619 0.38296875 0.07961309523809523 0.308671875
0.0 0.6546130952380952 0.2351953125 0.07595238095238095 0.094609375
