0.0 0.40717261904761903 0.3563671875 0.05633928571428572 0.1783203125
0.0 0.35848214285714286 0.3676953125 0.05205357142857142 0.1591796875
0.0 0.6412202380952381 0.5831640625 0.10107142857142858 0.341484375
0.0 0.6310119047619048 0.457734375 0.11800595238095238 0.2727734375
0.0 0.5473214285714286 0.6940625 0.14250000000000002 0.4099609375
0.0 0.473452380952381 0.645703125 0.12755952380952382 0.3456640625
0.0 0.40008928571428576 0.4810546875 0.09800595238095237 0.278671875
0.0 0.6121428571428572 0.388828125 0.0762797619047619 0.313046875
0.0 0.29252976190476193 0.2808984375 0.08696428571428572 0.2427734375
0.0 0.3123511904761905 0.4391015625 0.09476190476190476 0.277421875
0.0 0.8661607142857142 0.3905859375 0.09732142857142859 0.2952734375
0.0 0.6546130952380952 0.234765625 0.07595238095238095 0.09546875
