0.0 0.40717261904761903 0.355 0.05633928571428572 0.175546875
0.0 0.35848214285714286 0.369296875 0.05205357142857142 0.1623828125
0.0 0.6465178571428571 0.583125 0.10166666666666666 0.3424609375
0.0 0.6382738095238095 0.4607421875 0.12187500000000001 0.28015625
0.0 0.552797619047619 0.6942578125 0.14842261904761905 0.40875
0.0 0.4788095238095238 0.6460546875 0.1319345238095238 0.3456640625
0.0 0.40738095238095234 0.4810546875 0.09595238095238096 0.28046875
0.0 0.6053273809523809 0.3892578125 0.07940476190476191 0.3121875
0.0 0.29252976190476193 0.282890625 0.08696428571428572 0.246796875
0.0 0.3157440476190476 0.4405078125 0.09666666666666665 0.2787109375
0.0 0.8590773809523808 0.392109375 0.10086309523809524 0.2926171875
0.0 0.6546130952380952 0.2346875 0.07595238095238095 0.095625
