0.0 0.40717261904761903 0.3525 0.05633928571428572 0.170546875
0.0 0.35848214285714286 0.3757421875 0.05205357142857142 0.175234375
0.0 0.6663690476190476 0.57703125 0.09529761904761906 0.33921875
0.0 0.6685714285714285 0.469140625 0.13187500000000002 0.301171875
0.0 0.5748511904761905 0.695078125 0.17211309523809523 0.4039453125
0.0 0.5001488095238096 0.647421875 0.14943452380952382 0.3456640625
0.0 0.4365178571428571 0.4810546875 0.08779761904761904 0.2876171875
0.0 0.5781547619047619 0.391015625 0.091875 0.308671875
0.0 0.29252976190476193 0.2909375 0.08696428571428572 0.2628515625
0.0 0.3341071428571429 0.4446875 0.09580357142857142 0.2813671875
0.0 0.8308035714285713 0.3960546875 0.10717261904761904 0.2845703125
0.0 0.6546130952380952 0.234375 0.07595238095238095 0.0962890625
