0.0 0.40717261904761903 0.3591796875 0.05633928571428572 0.18390625
0.0 0.35848214285714286 0.3821875 0.05205357142857142 0.1880859375
0.0 0.686220238095238 0.5709375 0.08892857142857143 0.336015625
0.0 0.7028869047619047 0.4665625 0.12535714285714286 0.296875
0.0 0.5989285714285715 0.695078125 0.1849702380952381 0.4015625
0.0 0.5251785714285715 0.644609375 0.12223214285714286 0.3513671875
0.0 0.4579761904761905 0.4862109375 0.09625000000000002 0.290078125
0.0 0.5582440476190476 0.387421875 0.08511904761904762 0.307890625
0.0 0.29252976190476193 0.298984375 0.08696428571428572 0.2789453125
0.0 0.3572321428571429 0.4475390625 0.08654761904761904 0.2813671875
0.0 0.8026488095238096 0.3936328125 0.0900297619047619 0.2845703125
0.0 0.6546130952380952 0.2340234375 0.07595238095238095 0.096953125
