0.0 0.40717261904761903 0.3625 0.05633928571428572 0.1905859375
0.0 0.35848214285714286 0.385390625 0.05205357142857142 0.19453125
0.0 0.6961309523809524 0.5678515625 0.08574404761904761 0.3344140625
0.0 0.720029761904762 0.4653125 0.12208333333333335 0.294765625
0.0 0.6140178571428572 0.693828125 0.17517857142857143 0.4040234375
0.0 0.5377083333333333 0.6431640625 0.10860119047619048 0.35421875
0.0 0.4674404761904762 0.4896484375 0.10324404761904761 0.290546875
0.0 0.5483035714285714 0.3855859375 0.08175595238095237 0.3074609375
0.0 0.29252976190476193 0.3030078125 0.08696428571428572 0.2869921875
0.0 0.3688095238095238 0.448984375 0.08193452380952382 0.2813671875
0.0 0.7885714285714285 0.392421875 0.08145833333333334 0.2845703125
0.0 0.6546130952380952 0.2338671875 0.07595238095238095 0.097265625
