0.0 0.40717261904761903 0.37921875 0.05633928571428572 0.223984375
0.0 0.35848214285714286 0.401484375 0.05205357142857142 0.2266796875
0.0 0.7620833333333333 0.5752734375 0.10270833333333333 0.336875
0.0 0.8016666666666667 0.4571875 0.10086309523809524 0.2888671875
0.0 0.6894047619047619 0.68765625 0.1261607142857143 0.41640625
0.0 0.5879464285714286 0.642265625 0.1186904761904762 0.356015625
0.0 0.5283035714285714 0.4950390625 0.08770833333333333 0.3
0.0 0.4961904761904762 0.3934375 0.06860119047619048 0.303203125
0.0 0.29252976190476193 0.30375 0.08696428571428572 0.2884765625
0.0 0.41440476190476194 0.4585546875 0.11267857142857143 0.28296875
0.0 0.7233630952380953 0.3760546875 0.059136904761904766 0.2451171875
0.0 0.07529761904761904 0.68875 0.13886904761904761 0.3896875
0.0 0.6546130952380952 0.233046875 0.07595238095238095 0.0989453125
