0.0 0.40717261904761903 0.38421875 0.05633928571428572 0.233984375
0.0 0.3589583333333333 0.40109375 0.05205357142857142 0.2266796875
0.0 0.781875 0.5775390625 0.10779761904761904 0.3376171875
0.0 0.8213095238095237 0.4527734375 0.08860119047619047 0.2928515625
0.0 0.7009821428571429 0.689609375 0.1493154761904762 0.4125390625
0.0 0.6062202380952381 0.64171875 0.1250892857142857 0.356015625
0.0 0.5466964285714285 0.4956640625 0.08696428571428572 0.3009765625
0.0 0.47994047619047614 0.3974609375 0.0693452380952381 0.302734375
0.0 0.29252976190476193 0.3033203125 0.08696428571428572 0.28765625
0.0 0.43348214285714287 0.4585546875 0.10580357142857141 0.288984375
0.0 0.70625 0.3754296875 0.06017857142857143 0.24015625
0.0 0.0874702380952381 0.6884375 0.15678571428571428 0.3890625
0.0 0.6546130952380952 0.2327734375 0.07595238095238095 0.0994140625
