0.0 0.40717261904761903 0.3908984375 0.05633928571428572 0.24734375
0.0 0.3595535714285714 0.400625 0.05205357142857142 0.2266796875
0.0 0.8016964285714285 0.576953125 0.09351190476190477 0.3419140625
0.0 0.8474107142857144 0.446875 0.07226190476190476 0.2982421875
0.0 0.7163988095238095 0.692109375 0.18017857142857144 0.4073828125
0.0 0.6435416666666667 0.6381640625 0.11583333333333334 0.3588671875
0.0 0.5687202380952381 0.496328125 0.10657738095238097 0.2958203125
0.0 0.4569345238095238 0.4038671875 0.08217261904761905 0.3047265625
0.0 0.29252976190476193 0.3027734375 0.08696428571428572 0.2865625
0.0 0.4588690476190476 0.4585546875 0.09660714285714286 0.29703125
0.0 0.6894047619047619 0.387109375 0.08038690476190477 0.2554296875
0.0 0.11630952380952381 0.691640625 0.15788690476190476 0.3855078125
0.0 0.6546130952380952 0.2324609375 0.07595238095238095 0.100078125
