0.0 0.40717261904761903 0.392578125 0.05633928571428572 0.2506640625
0.0 0.35970238095238094 0.4005078125 0.05205357142857142 0.2266796875
0.0 0.8066369047619046 0.5768359375 0.08994047619047618 0.34296875
0.0 0.8539583333333334 0.4454296875 0.0681845238095238 0.2995703125
0.0 0.7202678571428571 0.6927734375 0.18791666666666668 0.40609375
0.0 0.6528571428571429 0.637265625 0.11351190476190476 0.359609375
0.0 0.5742559523809524 0.496484375 0.11145833333333334 0.29453125
0.0 0.4511904761904762 0.40546875 0.08535714285714285 0.305234375
0.0 0.29252976190476193 0.30265625 0.08696428571428572 0.28625
0.0 0.46523809523809523 0.4585546875 0.0943154761904762 0.2990234375
0.0 0.6851785714285714 0.39 0.08544642857142858 0.2592578125
0.0 0.12354166666666666 0.6924609375 0.1581547619047619 0.384609375
0.0 0.6546130952380952 0.2323828125 0.07595238095238095 0.1002734375
