0.0 0.4072321428571429 0.39421875 0.056249999999999994 0.2540234375
0.0 0.3601785714285714 0.40015625 0.05205357142857142 0.2266796875
0.0 0.8214880952380952 0.5764453125 0.07922619047619048 0.3462109375
0.0 0.8758035714285713 0.4449609375 0.06538690476190476 0.3040625
0.0 0.7373809523809524 0.693203125 0.19863095238095235 0.4044921875
0.0 0.6808035714285714 0.6345703125 0.10657738095238097 0.36171875
0.0 0.5908035714285714 0.496953125 0.1261607142857143 0.2906640625
0.0 0.43395833333333333 0.4103125 0.0949702380952381 0.30671875
0.0 0.29252976190476193 0.3022265625 0.08696428571428572 0.2854296875
0.0 0.48122023809523806 0.4594921875 0.09321428571428572 0.2990234375
0.0 0.6688095238095239 0.397109375 0.09241071428571429 0.26796875
0.0 0.14517857142857143 0.6948828125 0.1589583333333333 0.3819140625
0.0 0.06714285714285714 0.8033984375 0.13351190476190475 0.38265625
0.0 0.6546130952380952 0.232109375 0.07595238095238095 0.1007421875
