0.0 0.4075 0.39421875 0.0556547619047619 0.2540234375
0.0 0.3618452380952381 0.398828125 0.05205357142857142 0.2266796875
0.0 0.8841666666666667 0.569765625 0.06958333333333333 0.35046875
0.0 0.9541964285714286 0.4604296875 0.08410714285714287 0.321015625
0.0 0.8406547619047618 0.68359375 0.1469940476190476 0.4148046875
0.0 0.7303571428571429 0.635859375 0.1405952380952381 0.3563671875
0.0 0.6802083333333334 0.49421875 0.11023809523809523 0.289375
0.0 0.3642857142857143 0.4130078125 0.10017857142857142 0.316171875
0.0 0.29252976190476193 0.2902734375 0.08696428571428572 0.2615234375
0.0 0.540327380952381 0.4620703125 0.10779761904761904 0.2958203125
0.0 0.5894940476190476 0.4062890625 0.06738095238095239 0.2765234375
0.0 0.2126785714285714 0.70015625 0.13351190476190475 0.4010546875
0.0 0.12273809523809524 0.80984375 0.1300892857142857 0.38328125
0.0 0.6546130952380952 0.2312109375 0.07595238095238095 0.102578125
