0.0 0.40761904761904766 0.39421875 0.05547619047619048 0.2540234375
0.0 0.3624702380952381 0.3983203125 0.05205357142857142 0.2266796875
0.0 0.9086607142857143 0.56625 0.07226190476190476 0.35046875
0.0 0.8586309523809523 0.685078125 0.17639880952380954 0.4148046875
0.0 0.7668452380952382 0.634375 0.12970238095238096 0.3606640625
0.0 0.7120535714285714 0.49875 0.0955357142857143 0.2958203125
0.0 0.3408333333333333 0.4097265625 0.0955357142857143 0.3147265625
0.0 0.29252976190476193 0.267890625 0.08696428571428572 0.21671875
0.0 0.5621428571428572 0.462421875 0.12494047619047619 0.2926171875
0.0 0.5686607142857143 0.405234375 0.06738095238095239 0.2765234375
0.0 0.24565476190476193 0.698671875 0.13351190476190475 0.3911328125
0.0 0.14455357142857142 0.81625 0.13547619047619047 0.37171875
0.0 0.6546130952380952 0.230859375 0.07595238095238095 0.1032421875
