0.0 0.4076488095238095 0.39421875 0.05541666666666667 0.2540234375
0.0 0.3626190476190476 0.398203125 0.05205357142857142 0.2266796875
0.0 0.9129464285714286 0.553125 0.07431547619047618 0.3258203125
0.0 0.8631547619047618 0.685390625 0.18375 0.4148046875
0.0 0.7759523809523811 0.6340625 0.12699404761904762 0.36171875
0.0 0.72 0.49984375 0.091875 0.297421875
0.0 0.33577380952380953 0.40859375 0.0943154761904762 0.312890625
0.0 0.29252976190476193 0.262265625 0.08696428571428572 0.205546875
0.0 0.5675892857142857 0.4625 0.1292261904761905 0.291796875
0.0 0.5634523809523809 0.4049609375 0.06738095238095239 0.2765234375
0.0 0.25389880952380955 0.69828125 0.13351190476190475 0.3886328125
0.0 0.15 0.817890625 0.13681547619047618 0.368828125
0.0 0.6546130952380952 0.23078125 0.07595238095238095 0.1033984375
