0.0 0.4078869047619048 0.39421875 0.05494047619047619 0.2540234375
0.0 0.3639880952380952 0.397109375 0.05205357142857142 0.2266796875
0.0 0.919404761904762 0.6741015625 0.15699404761904762 0.421484375
0.0 0.829047619047619 0.6340625 0.15392857142857141 0.3606640625
0.0 0.7785416666666666 0.501953125 0.10473214285714286 0.3070703125
0.0 0.27675595238095235 0.400234375 0.10345238095238095 0.302421875
0.0 0.29252976190476193 0.2640234375 0.08696428571428572 0.208984375
0.0 0.6264285714285714 0.4612890625 0.09726190476190476 0.308984375
0.0 0.5036011904761905 0.4174609375 0.11023809523809523 0.2815625
0.0 0.3276190476190476 0.6938671875 0.14330357142857142 0.375625
0.0 0.22238095238095237 0.81484375 0.1280059523809524 0.3758203125
0.0 0.6546130952380952 0.2300390625 0.07595238095238095 0.1048828125
