0.0 0.40794642857142854 0.39421875 0.05479166666666667 0.2540234375
0.0 0.3644642857142857 0.3967578125 0.05205357142857142 0.2266796875
0.0 0.9397916666666666 0.67640625 0.12029761904761906 0.424765625
0.0 0.8419047619047619 0.6345703125 0.17148809523809522 0.358515625
0.0 0.7944940476190476 0.5005078125 0.1212797619047619 0.308984375
0.0 0.25145833333333334 0.3980859375 0.11488095238095239 0.3013671875
0.0 0.29252976190476193 0.2784765625 0.08696428571428572 0.2379296875
0.0 0.6441369047619048 0.4603515625 0.09261904761904763 0.311484375
0.0 0.48014880952380956 0.4255859375 0.13595238095238096 0.2845703125
0.0 0.3519940476190476 0.691875 0.1506547619047619 0.3751953125
0.0 0.24773809523809523 0.8122265625 0.13166666666666668 0.380703125
0.0 0.6546130952380952 0.2298046875 0.07595238095238095 0.105390625
