0.0 0.4080952380952381 0.39421875 0.05452380952380952 0.2540234375
0.0 0.8854464285714285 0.6359375 0.14291666666666666 0.3719140625
0.0 0.830595238095238 0.496328125 0.13229166666666667 0.30546875
0.0 0.2143452380952381 0.393984375 0.10574404761904763 0.300625
0.0 0.29252976190476193 0.302578125 0.08696428571428572 0.286171875
0.0 0.665952380952381 0.45734375 0.11482142857142856 0.3014453125
0.0 0.46279761904761907 0.4316015625 0.10125 0.2725
0.0 0.39035714285714285 0.689609375 0.15610119047619048 0.374609375
0.0 0.28113095238095237 0.812265625 0.17148809523809522 0.3791015625
0.0 0.6546130952380952 0.229375 0.07595238095238095 0.1062109375
