0.0 0.40815476190476185 0.39421875 0.054375 0.2540234375
0.0 0.9116071428571428 0.63671875 0.1257738095238095 0.3799609375
0.0 0.8560119047619048 0.493125 0.13229166666666667 0.300625
0.0 0.19413690476190476 0.3912890625 0.08901785714285715 0.300625
0.0 0.29252976190476193 0.3078125 0.08696428571428572 0.296640625
0.0 0.6830654761904762 0.4565234375 0.1211309523809524 0.2986328125
0.0 0.4389285714285714 0.43140625 0.0943154761904762 0.270078125
0.0 0.40791666666666665 0.690703125 0.1430357142857143 0.374609375
0.0 0.3011607142857143 0.8122265625 0.1953869047619048 0.378125
0.0 0.05857142857142857 0.538125 0.09675595238095237 0.31671875
0.0 0.6546130952380952 0.229140625 0.07595238095238095 0.10671875
