0.0 0.6199404761904762 0.462734375 0.07601190476190475 0.3281640625
0.0 0.5165178571428571 0.54609375 0.11657738095238096 0.3747265625
0.0 0.43994047619047616 0.5190625 0.08952380952380952 0.33703125
0.0 0.6708630952380952 0.4853125 0.08276785714285714 0.2948828125
0.0 0.49556547619047614 0.265078125 0.07940476190476191 0.2328125
0.0 0.079375 0.4464453125 0.0868452380952381 0.28296875
0.0 0.7392559523809523 0.324453125 0.08818452380952381 0.2572265625
0.0 0.8678571428571429 0.7262109375 0.17392857142857143 0.530546875
0.0 0.5675 0.26296875 0.0675595238095238 0.1995703125
0.0 0.6381547619047618 0.246953125 0.07095238095238095 0.18625
