0.0 0.5758035714285714 0.4703515625 0.07601190476190475 0.3281640625
0.0 0.44976190476190475 0.556015625 0.11657738095238096 0.3747265625
0.0 0.3784226190476191 0.5249609375 0.08952380952380952 0.33703125
0.0 0.6290476190476191 0.4853125 0.08276785714285714 0.2948828125
0.0 0.4769940476190476 0.2695703125 0.07940476190476191 0.2328125
0.0 0.08047619047619048 0.4476171875 0.0868452380952381 0.28296875
0.0 0.7391666666666667 0.3241796875 0.08818452380952381 0.2572265625
0.0 0.8676190476190475 0.7262109375 0.17392857142857143 0.530546875
0.0 0.5505357142857142 0.26828125 0.0675595238095238 0.1995703125
0.0 0.617827380952381 0.246953125 0.07095238095238095 0.18625
0.0 0.875 0.5026953125 0.11360119047619048 0.28296875
