0.0 0.5514583333333333 0.4767578125 0.07601190476190475 0.3281640625
0.0 0.4133630952380952 0.5614453125 0.11657738095238096 0.3747265625
0.0 0.3448511904761905 0.5281640625 0.08952380952380952 0.33703125
0.0 0.6053571428571429 0.4879296875 0.08369047619047619 0.2957421875
0.0 0.46684523809523815 0.2720703125 0.07940476190476191 0.2328125
0.0 0.08107142857142857 0.4482421875 0.0868452380952381 0.28296875
0.0 0.7390178571428572 0.3241015625 0.08818452380952381 0.2572265625
0.0 0.8675595238095238 0.7262109375 0.17392857142857143 0.530546875
0.0 0.5412797619047619 0.271171875 0.0675595238095238 0.1995703125
0.0 0.6066964285714286 0.246953125 0.07095238095238095 0.18625
0.0 0.8458333333333333 0.5421484375 0.11815476190476192 0.3325
