0.0 0.5141666666666667 0.4930859375 0.07601190476190475 0.3281640625
0.0 0.3587202380952381 0.5695703125 0.11657738095238096 0.3747265625
0.0 0.2945535714285714 0.5330078125 0.08952380952380952 0.33703125
0.0 0.5672619047619047 0.49953125 0.08779761904761904 0.2995703125
0.0 0.459702380952381 0.272890625 0.07940476190476191 0.2328125
0.0 0.08196428571428571 0.4491796875 0.0868452380952381 0.28296875
0.0 0.7386904761904761 0.3241015625 0.08818452380952381 0.2572265625
0.0 0.8675595238095238 0.7262109375 0.17392857142857143 0.530546875
0.0 0.5274107142857143 0.2755078125 0.0675595238095238 0.1995703125
0.0 0.5914285714285714 0.248046875 0.07095238095238095 0.18625
0.0 0.8020535714285715 0.601328125 0.12494047619047619 0.4068359375
