0.0 0.5017261904761905 0.498515625 0.07601190476190475 0.3281640625
0.0 0.33592261904761905 0.5745703125 0.11657738095238096 0.3747265625
0.0 0.27089285714285716 0.5351953125 0.08952380952380952 0.33703125
0.0 0.5545535714285714 0.5034375 0.08913690476190476 0.300859375
0.0 0.45764880952380954 0.273046875 0.07940476190476191 0.2328125
0.0 0.08226190476190476 0.4494921875 0.0868452380952381 0.28296875
0.0 0.7385714285714285 0.3241015625 0.08818452380952381 0.2572265625
0.0 0.8675595238095238 0.7262109375 0.17392857142857143 0.530546875
0.0 0.5227678571428571 0.276953125 0.0675595238095238 0.1995703125
0.0 0.586577380952381 0.2485546875 0.07095238095238095 0.18625
0.0 0.7874404761904762 0.621015625 0.12723214285714285 0.4316015625
