0.0 0.3832440476190476 0.541875 0.11488095238095239 0.3458984375
0.0 0.4892857142857143 0.503984375 0.07601190476190475 0.3281640625
0.0 0.31535714285714284 0.5792578125 0.11657738095238096 0.3747265625
0.0 0.24723214285714284 0.537421875 0.08952380952380952 0.33703125
0.0 0.541875 0.5073046875 0.09050595238095238 0.3021484375
0.0 0.4555952380952381 0.273203125 0.07940476190476191 0.2328125
0.0 0.0825595238095238 0.4498046875 0.0868452380952381 0.28296875
0.0 0.7384821428571429 0.3241015625 0.08818452380952381 0.2572265625
0.0 0.8675595238095238 0.7262109375 0.17392857142857143 0.530546875
0.0 0.5181547619047618 0.2783984375 0.0675595238095238 0.1995703125
0.0 0.5816964285714286 0.2491015625 0.07095238095238095 0.18625
0.0 0.7728869047619048 0.64078125 0.12949404761904762 0.4563671875
