0.0 0.281875 0.54359375 0.11488095238095239 0.3458984375
0.0 0.4287202380952381 0.513828125 0.07601190476190475 0.3281640625
0.0 0.21797619047619046 0.6019921875 0.11657738095238096 0.3747265625
0.0 0.17952380952380953 0.54671875 0.08952380952380952 0.33703125
0.0 0.47833333333333333 0.52671875 0.09732142857142859 0.3085546875
0.0 0.44532738095238095 0.273984375 0.07940476190476191 0.2328125
0.0 0.08404761904761904 0.4513671875 0.0868452380952381 0.28296875
0.0 0.7379166666666667 0.3241015625 0.08818452380952381 0.2572265625
0.0 0.8675595238095238 0.7262109375 0.17392857142857143 0.530546875
0.0 0.4960714285714286 0.2851953125 0.0675595238095238 0.1995703125
0.0 0.5586011904761905 0.2528515625 0.07133928571428572 0.1876171875
0.0 0.7030357142857143 0.6884375 0.14291666666666666 0.481171875
