0.0 0.2418452380952381 0.5471875 0.11488095238095239 0.3458984375
0.0 0.4048214285714286 0.514296875 0.07601190476190475 0.3281640625
0.0 0.1811309523809524 0.60859375 0.1219642857142857 0.37828125
0.0 0.1380357142857143 0.5491015625 0.08952380952380952 0.33703125
0.0 0.4529166666666667 0.5344921875 0.1000595238095238 0.31109375
0.0 0.44125 0.274296875 0.07940476190476191 0.2328125
0.0 0.08464285714285714 0.4519921875 0.0868452380952381 0.28296875
0.0 0.7377083333333333 0.3241015625 0.08818452380952381 0.2572265625
0.0 0.8675595238095238 0.7262109375 0.17392857142857143 0.530546875
0.0 0.48999999999999994 0.286796875 0.0675595238095238 0.1995703125
0.0 0.5525595238095238 0.2571875 0.0725 0.19171875
0.0 0.6754166666666667 0.702421875 0.14848214285714287 0.481171875
