0.0 0.15729166666666666 0.56734375 0.11488095238095239 0.3458984375
0.0 0.3524107142857143 0.5162109375 0.07601190476190475 0.3281640625
0.0 0.10404761904761906 0.6190625 0.13684523809523808 0.388046875
0.0 0.06479166666666666 0.555 0.08952380952380952 0.33703125
0.0 0.39788690476190475 0.5512890625 0.10598214285714286 0.316640625
0.0 0.43645833333333334 0.2746875 0.07940476190476191 0.2328125
0.0 0.08535714285714285 0.452734375 0.0868452380952381 0.28296875
0.0 0.7374404761904761 0.3241015625 0.08818452380952381 0.2572265625
0.0 0.8675595238095238 0.7262109375 0.17392857142857143 0.530546875
0.0 0.4768154761904762 0.290234375 0.0675595238095238 0.1995703125
0.0 0.5394642857142857 0.266640625 0.07505952380952381 0.2005859375
0.0 0.6186607142857143 0.7103515625 0.17964285714285713 0.504609375
