0.0 0.13776785714285714 0.57203125 0.11488095238095239 0.3458984375
0.0 0.33851190476190474 0.5190625 0.07601190476190475 0.3281640625
0.0 0.08687500000000001 0.620078125 0.13684523809523808 0.388046875
0.0 0.04958333333333333 0.5564453125 0.08952380952380952 0.33703125
0.0 0.38517857142857137 0.55515625 0.10735119047619048 0.3179296875
0.0 0.43645833333333334 0.2746875 0.07940476190476191 0.2328125
0.0 0.08535714285714285 0.452734375 0.0868452380952381 0.28296875
0.0 0.7374404761904761 0.3241015625 0.08818452380952381 0.2572265625
0.0 0.8675595238095238 0.7262109375 0.17392857142857143 0.530546875
0.0 0.4737797619047619 0.2910546875 0.0675595238095238 0.1995703125
0.0 0.5364583333333334 0.2687890625 0.075625 0.2026171875
0.0 0.6057142857142858 0.71125 0.18764880952380952 0.511015625
0.0 0.7548809523809523 0.7148046875 0.12163690476190475 0.43015625
