0.0 0.1069047619047619 0.5789453125 0.11488095238095239 0.3458984375
0.0 0.3107142857142857 0.524765625 0.07601190476190475 0.3281640625
0.0 0.05255952380952381 0.622109375 0.13684523809523808 0.388046875
0.0 0.3597619047619047 0.5629296875 0.1100595238095238 0.32046875
0.0 0.43645833333333334 0.2746875 0.07940476190476191 0.2328125
0.0 0.08535714285714285 0.452734375 0.0868452380952381 0.28296875
0.0 0.7374404761904761 0.3241015625 0.08818452380952381 0.2572265625
0.0 0.8675595238095238 0.7262109375 0.17392857142857143 0.530546875
0.0 0.47276785714285713 0.2912890625 0.0675595238095238 0.1995703125
0.0 0.5303869047619048 0.2731640625 0.07678571428571429 0.20671875
0.0 0.5797916666666667 0.713046875 0.20363095238095238 0.5237890625
0.0 0.7327083333333333 0.721484375 0.12163690476190475 0.43015625
