0.0 0.22267857142857142 0.5428125 0.07601190476190475 0.3281640625
0.0 0.27791666666666665 0.58546875 0.11824404761904761 0.3281640625
0.0 0.43645833333333334 0.2746875 0.07940476190476191 0.2328125
0.0 0.08535714285714285 0.452734375 0.0868452380952381 0.28296875
0.0 0.7374404761904761 0.3241015625 0.08818452380952381 0.2572265625
0.0 0.8675595238095238 0.7262109375 0.17392857142857143 0.530546875
0.0 0.47276785714285713 0.2912890625 0.0675595238095238 0.1995703125
0.0 0.51125 0.2869140625 0.08050595238095239 0.2196875
0.0 0.4530952380952381 0.73859375 0.18604166666666666 0.5366015625
0.0 0.6557440476190477 0.7462109375 0.12163690476190475 0.43015625
