0.0 0.19949404761904763 0.547578125 0.07601190476190475 0.3281640625
0.0 0.24976190476190477 0.5817578125 0.11824404761904761 0.3281640625
0.0 0.43645833333333334 0.2746875 0.07940476190476191 0.2328125
0.0 0.08535714285714285 0.452734375 0.0868452380952381 0.28296875
0.0 0.7374404761904761 0.3241015625 0.08818452380952381 0.2572265625
0.0 0.8675595238095238 0.7262109375 0.17392857142857143 0.530546875
0.0 0.47276785714285713 0.2912890625 0.0675595238095238 0.1995703125
0.0 0.5041964285714285 0.2899609375 0.08110119047619048 0.22171875
0.0 0.41401785714285716 0.746171875 0.1736904761904762 0.5366015625
0.0 0.6335119047619048 0.7537890625 0.12163690476190475 0.43015625
0.0 0.05717261904761905 0.771328125 0.17907738095238096 0.4390234375
