0.0 0.1530654761904762 0.5518359375 0.07601190476190475 0.3281640625
0.0 0.19455357142857144 0.5776171875 0.11824404761904761 0.3281640625
0.0 0.43645833333333334 0.2746875 0.07940476190476191 0.2328125
0.0 0.08535714285714285 0.452734375 0.0868452380952381 0.28296875
0.0 0.7374404761904761 0.3241015625 0.08818452380952381 0.2572265625
0.0 0.8675595238095238 0.7262109375 0.17392857142857143 0.530546875
0.0 0.47276785714285713 0.2912890625 0.0675595238095238 0.1995703125
0.0 0.48389880952380954 0.2944140625 0.08110119047619048 0.22171875
0.0 0.33324404761904763 0.7489453125 0.15363095238095237 0.5366015625
0.0 0.5922916666666667 0.7565234375 0.12163690476190475 0.43015625
0.0 0.15854166666666666 0.776875 0.17907738095238096 0.4390234375
