0.0 0.12517857142857144 0.5540625 0.07601190476190475 0.3281640625
0.0 0.16732142857142857 0.592578125 0.11824404761904761 0.3281640625
0.0 0.43645833333333334 0.2746875 0.07940476190476191 0.2328125
0.0 0.08535714285714285 0.452734375 0.0868452380952381 0.28296875
0.0 0.7374404761904761 0.3241015625 0.08818452380952381 0.2572265625
0.0 0.8675595238095238 0.7262109375 0.17392857142857143 0.530546875
0.0 0.47276785714285713 0.2912890625 0.0675595238095238 0.1995703125
0.0 0.47175595238095236 0.2970703125 0.08110119047619048 0.22171875
0.0 0.28625 0.750703125 0.14360119047619047 0.5366015625
0.0 0.5694642857142858 0.750703125 0.12163690476190475 0.43015625
0.0 0.2556845238095238 0.766953125 0.19428571428571428 0.4789453125
