0.0 0.12053571428571429 0.5544140625 0.07601190476190475 0.3281640625
0.0 0.16276785714285713 0.595078125 0.11824404761904761 0.3281640625
0.0 0.43645833333333334 0.2746875 0.07940476190476191 0.2328125
0.0 0.08535714285714285 0.452734375 0.0868452380952381 0.28296875
0.0 0.7374404761904761 0.3241015625 0.08818452380952381 0.2572265625
0.0 0.8675595238095238 0.7262109375 0.17392857142857143 0.530546875
0.0 0.47276785714285713 0.2912890625 0.0675595238095238 0.1995703125
0.0 0.4697321428571429 0.2975 0.08110119047619048 0.22171875
0.0 0.5175297619047619 0.280234375 0.059136904761904766 0.2128515625
0.0 0.27961309523809524 0.751015625 0.14360119047619047 0.5366015625
0.0 0.5656845238095238 0.7497265625 0.12163690476190475 0.43015625
0.0 0.271875 0.765234375 0.19681547619047618 0.4855859375
