0.0 0.43645833333333334 0.2746875 0.07940476190476191 0.2328125
0.0 0.08535714285714285 0.452734375 0.0868452380952381 0.28296875
0.0 0.7374404761904761 0.3241015625 0.08818452380952381 0.2572265625
0.0 0.8675595238095238 0.7262109375 0.17392857142857143 0.530546875
0.0 0.47276785714285713 0.2912890625 0.0675595238095238 0.1995703125
0.0 0.4111011904761905 0.30515625 0.08110119047619048 0.22171875
0.0 0.5158630952380953 0.27765625 0.059136904761904766 0.2128515625
0.0 0.10732142857142858 0.754765625 0.14360119047619047 0.5366015625
0.0 0.4177083333333333 0.7558984375 0.12163690476190475 0.43015625
0.0 0.5629166666666666 0.763203125 0.11488095238095239 0.376953125
0.0 0.7051488095238095 0.710078125 0.1300892857142857 0.4966796875
0.0 0.627202380952381 0.7623828125 0.20104166666666665 0.518828125
0.0 0.4285416666666667 0.6383203125 0.11657738095238096 0.423515625
