0.0 0.43645833333333334 0.2746875 0.07940476190476191 0.2328125
0.0 0.08535714285714285 0.452734375 0.0868452380952381 0.28296875
0.0 0.7374404761904761 0.3241015625 0.08818452380952381 0.2572265625
0.0 0.8675595238095238 0.7262109375 0.17392857142857143 0.530546875
0.0 0.47276785714285713 0.2912890625 0.0675595238095238 0.1995703125
0.0 0.40095238095238095 0.30296875 0.08110119047619048 0.22171875
0.0 0.5155952380952381 0.277265625 0.059136904761904766 0.2128515625
0.0 0.07708333333333332 0.755703125 0.14360119047619047 0.5366015625
0.0 0.3922619047619048 0.7611328125 0.12163690476190475 0.43015625
0.0 0.5580059523809524 0.76640625 0.11488095238095239 0.376953125
0.0 0.6966071428571429 0.7059765625 0.1300892857142857 0.4966796875
0.0 0.6805059523809524 0.7596484375 0.19428571428571428 0.518828125
0.0 0.4662797619047619 0.629453125 0.11657738095238096 0.423515625
