0.0 0.43645833333333334 0.2746875 0.07940476190476191 0.2328125
0.0 0.08535714285714285 0.452734375 0.0868452380952381 0.28296875
0.0 0.7374404761904761 0.3241015625 0.08818452380952381 0.2572265625
0.0 0.8675595238095238 0.7262109375 0.17392857142857143 0.530546875
0.0 0.47276785714285713 0.2912890625 0.0675595238095238 0.1995703125
0.0 0.39589285714285716 0.3018359375 0.08110119047619048 0.22171875
0.0 0.5154761904761904 0.2770703125 0.059136904761904766 0.2128515625
0.0 0.06163690476190477 0.756328125 0.14360119047619047 0.5366015625
0.0 0.37955357142857143 0.7637109375 0.12163690476190475 0.43015625
0.0 0.5555357142857142 0.768046875 0.11488095238095239 0.376953125
0.0 0.6871726190476191 0.708203125 0.1300892857142857 0.4966796875
0.0 0.7071428571428571 0.75828125 0.19089285714285714 0.518828125
0.0 0.4851488095238095 0.625 0.11657738095238096 0.423515625
