0.0 0.43645833333333334 0.2746875 0.07940476190476191 0.2328125
0.0 0.08535714285714285 0.452734375 0.0868452380952381 0.28296875
0.0 0.7374404761904761 0.3241015625 0.08818452380952381 0.2572265625
0.0 0.8675595238095238 0.7262109375 0.17392857142857143 0.530546875
0.0 0.47276785714285713 0.2912890625 0.0675595238095238 0.1995703125
0.0 0.38172619047619044 0.3001953125 0.08110119047619048 0.22171875
0.0 0.5148809523809523 0.2761328125 0.059136904761904766 0.2128515625
0.0 0.3173511904761905 0.7666796875 0.12163690476190475 0.43015625
0.0 0.5444940476190476 0.7752734375 0.11488095238095239 0.376953125
0.0 0.6448214285714285 0.718125 0.1300892857142857 0.4966796875
0.0 0.8505654761904763 0.7499609375 0.1875297619047619 0.518828125
0.0 0.5713392857142857 0.6158203125 0.11657738095238096 0.423515625
0.0 0.18389880952380952 0.8194140625 0.18919642857142857 0.348125
