0.0 0.43645833333333334 0.2746875 0.07940476190476191 0.2328125
0.0 0.08535714285714285 0.452734375 0.0868452380952381 0.28296875
0.0 0.7374404761904761 0.3241015625 0.08818452380952381 0.2572265625
0.0 0.8675595238095238 0.7262109375 0.17392857142857143 0.530546875
0.0 0.47276785714285713 0.2912890625 0.0675595238095238 0.1995703125
0.0 0.37407738095238097 0.3001953125 0.08110119047619048 0.22171875
0.0 0.5144345238095238 0.2754296875 0.059136904761904766 0.2128515625
0.0 0.26419642857142855 0.7613671875 0.12163690476190475 0.43015625
0.0 0.513452380952381 0.7709375 0.11488095238095239 0.376953125
0.0 0.6150892857142857 0.72203125 0.1300892857142857 0.4966796875
0.0 0.9367261904761905 0.7325390625 0.1875297619047619 0.518828125
0.0 0.6393154761904762 0.615 0.1180952380952381 0.4237109375
0.0 0.28101190476190474 0.814609375 0.18919642857142857 0.348125
