0.0 0.43645833333333334 0.2746875 0.07940476190476191 0.2328125
0.0 0.08535714285714285 0.452734375 0.0868452380952381 0.28296875
0.0 0.7374404761904761 0.3241015625 0.08818452380952381 0.2572265625
0.0 0.8675595238095238 0.7262109375 0.17392857142857143 0.530546875
0.0 0.47276785714285713 0.2912890625 0.0675595238095238 0.1995703125
0.0 0.3719047619047619 0.3001953125 0.08110119047619048 0.22171875
0.0 0.5142857142857143 0.275234375 0.059136904761904766 0.2128515625
0.0 0.24913690476190475 0.7613671875 0.12163690476190475 0.43015625
0.0 0.5020238095238095 0.7685546875 0.11488095238095239 0.376953125
0.0 0.6072619047619048 0.722265625 0.1300892857142857 0.4966796875
0.0 0.9589285714285714 0.7325390625 0.1875297619047619 0.518828125
0.0 0.6599107142857142 0.62171875 0.12116071428571429 0.4241015625
0.0 0.3104166666666667 0.8150390625 0.18919642857142857 0.348125
0.0 0.05973214285714286 0.82015625 0.11994047619047618 0.423515625
