0.0 0.43645833333333334 0.2746875 0.07940476190476191 0.2328125
0.0 0.08535714285714285 0.452734375 0.0868452380952381 0.28296875
0.0 0.7374404761904761 0.3241015625 0.08818452380952381 0.2572265625
0.0 0.8675595238095238 0.7262109375 0.17392857142857143 0.530546875
0.0 0.47276785714285713 0.2912890625 0.0675595238095238 0.1995703125
0.0 0.37080357142857145 0.3001953125 0.08110119047619048 0.22171875
0.0 0.5142261904761904 0.2751171875 0.059136904761904766 0.2128515625
0.0 0.24157738095238096 0.7613671875 0.12163690476190475 0.43015625
0.0 0.4962797619047619 0.76734375 0.11488095238095239 0.376953125
0.0 0.6033630952380952 0.722421875 0.1300892857142857 0.4966796875
0.0 0.970029761904762 0.7325390625 0.1875297619047619 0.518828125
0.0 0.6701785714285714 0.625 0.12270833333333332 0.424296875
0.0 0.3251190476190476 0.8152734375 0.18919642857142857 0.348125
0.0 0.07050595238095239 0.81828125 0.11994047619047618 0.423515625
