0.0 0.43645833333333334 0.2746875 0.07940476190476191 0.2328125
0.0 0.08535714285714285 0.452734375 0.0868452380952381 0.28296875
0.0 0.7374404761904761 0.3241015625 0.08818452380952381 0.2572265625
0.0 0.8675595238095238 0.7262109375 0.17392857142857143 0.530546875
0.0 0.47276785714285713 0.2912890625 0.0675595238095238 0.1995703125
0.0 0.36970238095238095 0.3001953125 0.08110119047619048 0.22171875
0.0 0.5141666666666667 0.275 0.059136904761904766 0.2128515625
0.0 0.23404761904761906 0.7613671875 0.12163690476190475 0.43015625
0.0 0.49056547619047625 0.766171875 0.11488095238095239 0.376953125
0.0 0.5994642857142857 0.722578125 0.1300892857142857 0.4966796875
0.0 0.9811309523809525 0.7325390625 0.1875297619047619 0.518828125
0.0 0.6804761904761905 0.6283203125 0.12425595238095238 0.4244921875
0.0 0.3398214285714286 0.81546875 0.18919642857142857 0.348125
0.0 0.0812797619047619 0.81640625 0.11994047619047618 0.423515625
