0.0 0.43645833333333334 0.2746875 0.07940476190476191 0.2328125
0.0 0.08535714285714285 0.452734375 0.0868452380952381 0.28296875
0.0 0.7374404761904761 0.3241015625 0.08818452380952381 0.2572265625
0.0 0.8675595238095238 0.7262109375 0.17392857142857143 0.530546875
0.0 0.47276785714285713 0.2912890625 0.0675595238095238 0.1995703125
0.0 0.36904761904761907 0.3006640625 0.08110119047619048 0.22171875
0.0 0.5140773809523809 0.274921875 0.059136904761904766 0.2128515625
0.0 0.22651785714285713 0.7613671875 0.12163690476190475 0.43015625
0.0 0.48485119047619046 0.7649609375 0.11488095238095239 0.376953125
0.0 0.5955654761904763 0.722734375 0.1300892857142857 0.4966796875
0.0 0.9922321428571428 0.7325390625 0.1875297619047619 0.518828125
0.0 0.6907738095238095 0.6316796875 0.1257738095238095 0.4247265625
0.0 0.3545238095238095 0.815703125 0.18919642857142857 0.348125
0.0 0.09208333333333334 0.81453125 0.11994047619047618 0.423515625
