0.0 0.43645833333333334 0.2746875 0.07940476190476191 0.2328125
0.0 0.08535714285714285 0.452734375 0.0868452380952381 0.28296875
0.0 0.7374404761904761 0.3241015625 0.08818452380952381 0.2572265625
0.0 0.8675595238095238 0.7262109375 0.17392857142857143 0.530546875
0.0 0.47276785714285713 0.2912890625 0.0675595238095238 0.1995703125
0.0 0.36773809523809525 0.301640625 0.08110119047619048 0.22171875
0.0 0.5139583333333333 0.2747265625 0.059136904761904766 0.2128515625
0.0 0.21142857142857144 0.7613671875 0.12163690476190475 0.43015625
0.0 0.473422619047619 0.762578125 0.11488095238095239 0.376953125
0.0 0.5877380952380952 0.72296875 0.1300892857142857 0.4966796875
0.0 0.7113690476190476 0.63828125 0.1288392857142857 0.4251171875
0.0 0.38247023809523806 0.81328125 0.18919642857142857 0.348125
0.0 0.11366071428571428 0.8107421875 0.11994047619047618 0.423515625
