0.0 0.43645833333333334 0.2746875 0.07940476190476191 0.2328125
0.0 0.08535714285714285 0.452734375 0.0868452380952381 0.28296875
0.0 0.7374404761904761 0.3241015625 0.08818452380952381 0.2572265625
0.0 0.8675595238095238 0.7262109375 0.17392857142857143 0.530546875
0.0 0.47276785714285713 0.2912890625 0.0675595238095238 0.1995703125
0.0 0.36642857142857144 0.30265625 0.08110119047619048 0.22171875
0.0 0.5138392857142857 0.2744921875 0.059136904761904766 0.2128515625
0.0 0.19636904761904764 0.7613671875 0.12163690476190475 0.43015625
0.0 0.46348214285714284 0.7633203125 0.11488095238095239 0.376953125
0.0 0.5799404761904763 0.72328125 0.1300892857142857 0.4966796875
0.0 0.7319345238095238 0.645 0.1319345238095238 0.4255078125
0.0 0.4104166666666667 0.810859375 0.18919642857142857 0.348125
0.0 0.13520833333333332 0.8069921875 0.11994047619047618 0.423515625
