0.0 0.43645833333333334 0.2746875 0.07940476190476191 0.2328125
0.0 0.08535714285714285 0.452734375 0.0868452380952381 0.28296875
0.0 0.7374404761904761 0.3241015625 0.08818452380952381 0.2572265625
0.0 0.8675595238095238 0.7262109375 0.17392857142857143 0.530546875
0.0 0.47276785714285713 0.2912890625 0.0675595238095238 0.1995703125
0.0 0.36312500000000003 0.3051171875 0.08110119047619048 0.22171875
0.0 0.5134821428571429 0.273984375 0.059136904761904766 0.2128515625
0.0 0.15529761904761905 0.7668359375 0.12163690476190475 0.43015625
0.0 0.4423511904761905 0.7730078125 0.11488095238095239 0.376953125
0.0 0.5585416666666666 0.7278125 0.1300892857142857 0.4966796875
0.0 0.7922321428571428 0.635859375 0.13345238095238096 0.425703125
0.0 0.48029761904761903 0.8048046875 0.18919642857142857 0.348125
0.0 0.18916666666666668 0.7976171875 0.11994047619047618 0.423515625
0.0 0.0644345238095238 0.797265625 0.08276785714285714 0.4035546875
