0.0 0.43645833333333334 0.2746875 0.07940476190476191 0.2328125
0.0 0.08535714285714285 0.452734375 0.0868452380952381 0.28296875
0.0 0.7374404761904761 0.3241015625 0.08818452380952381 0.2572265625
0.0 0.8675595238095238 0.7262109375 0.17392857142857143 0.530546875
0.0 0.47276785714285713 0.2912890625 0.0675595238095238 0.1995703125
0.0 0.3624702380952381 0.3055859375 0.08110119047619048 0.22171875
0.0 0.513422619047619 0.27390625 0.059136904761904766 0.2128515625
0.0 0.14607142857142857 0.7695703125 0.12163690476190475 0.43015625
0.0 0.43812500000000004 0.7749609375 0.11488095238095239 0.376953125
0.0 0.5537202380952382 0.72984375 0.1300892857142857 0.4966796875
0.0 0.8047321428571428 0.6327734375 0.13345238095238096 0.425703125
0.0 0.49428571428571433 0.80359375 0.18919642857142857 0.348125
0.0 0.19994047619047622 0.7957421875 0.11994047619047618 0.423515625
0.0 0.07136904761904762 0.7959375 0.08446428571428571 0.4035546875
