0.0 0.43645833333333334 0.2746875 0.07940476190476191 0.2328125
0.0 0.08535714285714285 0.452734375 0.0868452380952381 0.28296875
0.0 0.7374404761904761 0.3241015625 0.08818452380952381 0.2572265625
0.0 0.8675595238095238 0.7262109375 0.17392857142857143 0.530546875
0.0 0.47276785714285713 0.2912890625 0.0675595238095238 0.1995703125
0.0 0.3611607142857143 0.3066015625 0.08110119047619048 0.22171875
0.0 0.5133035714285714 0.273671875 0.059136904761904766 0.2128515625
0.0 0.12761904761904763 0.7750390625 0.12163690476190475 0.43015625
0.0 0.4274404761904762 0.77765625 0.11488095238095239 0.376953125
0.0 0.544077380952381 0.733984375 0.1300892857142857 0.4966796875
0.0 0.8297321428571429 0.6265625 0.13345238095238096 0.425703125
0.0 0.5234523809523809 0.803046875 0.19154761904761905 0.3532421875
0.0 0.22696428571428573 0.795078125 0.11994047619047618 0.423515625
0.0 0.08523809523809524 0.79328125 0.08785714285714286 0.4035546875
