0.0 0.43645833333333334 0.2746875 0.07940476190476191 0.2328125
0.0 0.08535714285714285 0.452734375 0.0868452380952381 0.28296875
0.0 0.7374404761904761 0.3241015625 0.08818452380952381 0.2572265625
0.0 0.8675595238095238 0.7262109375 0.17392857142857143 0.530546875
0.0 0.47276785714285713 0.2912890625 0.0675595238095238 0.1995703125
0.0 0.35985119047619046 0.307578125 0.08110119047619048 0.22171875
0.0 0.5131547619047618 0.2734765625 0.059136904761904766 0.2128515625
0.0 0.10916666666666666 0.78046875 0.12163690476190475 0.43015625
0.0 0.4144940476190476 0.779140625 0.11488095238095239 0.376953125
0.0 0.5344345238095238 0.738125 0.1300892857142857 0.4966796875
0.0 0.8547321428571428 0.6203515625 0.13345238095238096 0.425703125
0.0 0.5538690476190476 0.8044140625 0.19622023809523811 0.3634765625
0.0 0.25398809523809524 0.794375 0.11994047619047618 0.423515625
0.0 0.09907738095238094 0.790625 0.09122023809523809 0.4035546875
