0.0 0.43645833333333334 0.2746875 0.07940476190476191 0.2328125
0.0 0.08535714285714285 0.452734375 0.0868452380952381 0.28296875
0.0 0.7374404761904761 0.3241015625 0.08818452380952381 0.2572265625
0.0 0.8675595238095238 0.7262109375 0.17392857142857143 0.530546875
0.0 0.47276785714285713 0.2912890625 0.0675595238095238 0.1995703125
0.0 0.3591964285714286 0.308046875 0.08110119047619048 0.22171875
0.0 0.5130952380952382 0.2733984375 0.059136904761904766 0.2128515625
0.0 0.09994047619047619 0.783203125 0.12163690476190475 0.43015625
0.0 0.4080059523809524 0.77984375 0.11488095238095239 0.376953125
0.0 0.5295833333333333 0.74015625 0.1300892857142857 0.4966796875
0.0 0.8672321428571428 0.6172265625 0.13345238095238096 0.425703125
0.0 0.569077380952381 0.8051171875 0.19857142857142857 0.36859375
0.0 0.26749999999999996 0.7940625 0.11994047619047618 0.423515625
0.0 0.10601190476190475 0.789296875 0.09291666666666666 0.4035546875
