0.0 0.43645833333333334 0.2746875 0.07940476190476191 0.2328125
0.0 0.08535714285714285 0.452734375 0.0868452380952381 0.28296875
0.0 0.7374404761904761 0.3241015625 0.08818452380952381 0.2572265625
0.0 0.8675595238095238 0.7262109375 0.17392857142857143 0.530546875
0.0 0.47276785714285713 0.2912890625 0.0675595238095238 0.1995703125
0.0 0.35788690476190477 0.3090625 0.08110119047619048 0.22171875
0.0 0.5106547619047619 0.269609375 0.059136904761904766 0.2128515625
0.0 0.10449404761904761 0.8544921875 0.11488095238095239 0.376953125
0.0 0.3221428571428571 0.77171875 0.10642857142857143 0.4966796875
0.0 0.7133630952380953 0.779140625 0.11994047619047618 0.423515625
0.0 0.5777678571428572 0.796875 0.09461309523809523 0.4035546875
0.0 0.31595238095238093 0.814609375 0.19651785714285713 0.4212890625
0.0 0.6325000000000001 0.3019140625 0.06589285714285714 0.2062109375
0.0 0.5775 0.3023828125 0.06351190476190476 0.22171875
