0.0 0.43645833333333334 0.2746875 0.07940476190476191 0.2328125
0.0 0.08535714285714285 0.452734375 0.0868452380952381 0.28296875
0.0 0.7374404761904761 0.3241015625 0.08818452380952381 0.2572265625
0.0 0.8675595238095238 0.7262109375 0.17392857142857143 0.530546875
0.0 0.47276785714285713 0.2912890625 0.0675595238095238 0.1995703125
0.0 0.35788690476190477 0.3090625 0.08110119047619048 0.22171875
0.0 0.5091964285714285 0.26734375 0.059136904761904766 0.2128515625
0.0 0.16181547619047618 0.783515625 0.10642857142857143 0.4966796875
0.0 0.8785714285714286 0.7721875 0.09461309523809523 0.4035546875
0.0 0.6583928571428571 0.79890625 0.24833333333333332 0.4212890625
0.0 0.20636904761904762 0.7816015625 0.15541666666666668 0.44125
0.0 0.5916666666666667 0.3239453125 0.07348214285714286 0.219921875
0.0 0.5154166666666666 0.313203125 0.0675595238095238 0.22171875
