0.0 0.4362797619047619 0.2746875 0.07919642857142857 0.2328125
0.0 0.08535714285714285 0.452734375 0.0868452380952381 0.28296875
0.0 0.7374404761904761 0.3241015625 0.08818452380952381 0.2572265625
0.0 0.8675595238095238 0.7262109375 0.17392857142857143 0.530546875
0.0 0.47276785714285713 0.2912890625 0.0675595238095238 0.1995703125
0.0 0.35788690476190477 0.3090625 0.08110119047619048 0.22171875
0.0 0.5091369047619048 0.267265625 0.059136904761904766 0.2128515625
0.0 0.15142857142857144 0.786875 0.10642857142857143 0.4966796875
0.0 0.8917261904761905 0.770234375 0.09461309523809523 0.4035546875
0.0 0.6694345238095238 0.80046875 0.24833333333333332 0.4212890625
0.0 0.22092261904761906 0.7798828125 0.15541666666666668 0.44125
0.0 0.5897619047619047 0.325 0.0743452380952381 0.2214453125
0.0 0.5127380952380952 0.314609375 0.0675595238095238 0.22171875
