0.0 0.4357440476190476 0.2746875 0.07860119047619048 0.2328125
0.0 0.08535714285714285 0.452734375 0.0868452380952381 0.28296875
0.0 0.7374404761904761 0.3241015625 0.08818452380952381 0.2572265625
0.0 0.8675595238095238 0.7262109375 0.17392857142857143 0.530546875
0.0 0.47276785714285713 0.2912890625 0.0675595238095238 0.1995703125
0.0 0.35788690476190477 0.3090625 0.08110119047619048 0.22171875
0.0 0.5096726190476191 0.2663671875 0.059136904761904766 0.2128515625
0.0 0.12029761904761906 0.796875 0.10642857142857143 0.4966796875
0.0 0.9264880952380953 0.76453125 0.09461309523809523 0.4035546875
0.0 0.7071726190476191 0.802734375 0.24833333333333332 0.4212890625
0.0 0.26458333333333334 0.774765625 0.15541666666666668 0.44125
0.0 0.584047619047619 0.3280859375 0.076875 0.226015625
0.0 0.5047321428571429 0.31875 0.0675595238095238 0.22171875
