0.0 0.4353869047619047 0.2746875 0.07821428571428572 0.2328125
0.0 0.08535714285714285 0.452734375 0.0868452380952381 0.28296875
0.0 0.7374404761904761 0.3241015625 0.08818452380952381 0.2572265625
0.0 0.8675595238095238 0.7262109375 0.17392857142857143 0.530546875
0.0 0.47276785714285713 0.2912890625 0.0675595238095238 0.1995703125
0.0 0.35788690476190477 0.3090625 0.08110119047619048 0.22171875
0.0 0.5102678571428572 0.265546875 0.059136904761904766 0.2128515625
0.0 0.09955357142857144 0.803515625 0.10642857142857143 0.4966796875
0.0 0.9496428571428571 0.76078125 0.09461309523809523 0.4035546875
0.0 0.7384226190476191 0.801328125 0.24833333333333332 0.4212890625
0.0 0.2936904761904762 0.7713671875 0.15541666666666668 0.44125
0.0 0.5802678571428571 0.3301953125 0.07857142857142857 0.2290625
0.0 0.49937499999999996 0.3215234375 0.0675595238095238 0.22171875
