0.0 0.4343154761904762 0.2746875 0.07705357142857143 0.2328125
0.0 0.08535714285714285 0.452734375 0.0868452380952381 0.28296875
0.0 0.7374404761904761 0.3241015625 0.08818452380952381 0.2572265625
0.0 0.8675595238095238 0.7262109375 0.17392857142857143 0.530546875
0.0 0.47276785714285713 0.2912890625 0.0675595238095238 0.1995703125
0.0 0.35788690476190477 0.3090625 0.08110119047619048 0.22171875
0.0 0.5120833333333333 0.2631640625 0.059136904761904766 0.2128515625
0.0 0.04619047619047619 0.82046875 0.10642857142857143 0.4966796875
0.0 0.8321726190476191 0.796875 0.24833333333333332 0.4212890625
0.0 0.3666666666666667 0.7640234375 0.15541666666666668 0.44125
0.0 0.5688690476190476 0.33640625 0.08363095238095239 0.238203125
0.0 0.48333333333333334 0.32984375 0.0675595238095238 0.22171875
