0.0 0.4337797619047619 0.2746875 0.07645833333333334 0.2328125
0.0 0.08535714285714285 0.452734375 0.0868452380952381 0.28296875
0.0 0.7374404761904761 0.3241015625 0.08818452380952381 0.2572265625
0.0 0.8675595238095238 0.7262109375 0.17392857142857143 0.530546875
0.0 0.47276785714285713 0.2912890625 0.0675595238095238 0.1995703125
0.0 0.35788690476190477 0.3090625 0.08110119047619048 0.22171875
0.0 0.5129761904761905 0.261953125 0.059136904761904766 0.2128515625
0.0 0.028452380952380955 0.826015625 0.10642857142857143 0.4966796875
0.0 0.8790476190476191 0.794609375 0.24833333333333332 0.4212890625
0.0 0.4031547619047619 0.760390625 0.15541666666666668 0.44125
0.0 0.563125 0.33953125 0.08616071428571428 0.2428125
0.0 0.475297619047619 0.333984375 0.0675595238095238 0.22171875
