0.0 0.43077380952380956 0.2746875 0.073125 0.2328125
0.0 0.08535714285714285 0.452734375 0.0868452380952381 0.28296875
0.0 0.7374404761904761 0.3241015625 0.08818452380952381 0.2572265625
0.0 0.8675595238095238 0.7262109375 0.17392857142857143 0.530546875
0.0 0.47276785714285713 0.2912890625 0.0675595238095238 0.1995703125
0.0 0.35788690476190477 0.3090625 0.08110119047619048 0.22171875
0.0 0.5180952380952382 0.25515625 0.059136904761904766 0.2128515625
0.0 0.6163690476190476 0.7573046875 0.170625 0.47671875
0.0 0.5254464285714286 0.356640625 0.09291666666666666 0.255
0.0 0.4433035714285714 0.3504296875 0.0675595238095238 0.22171875
