0.0 0.42836309523809524 0.2769140625 0.06999999999999999 0.237265625
0.0 0.08535714285714285 0.452734375 0.0868452380952381 0.28296875
0.0 0.7374404761904761 0.3241015625 0.08818452380952381 0.2572265625
0.0 0.8675595238095238 0.7262109375 0.17392857142857143 0.530546875
0.0 0.47276785714285713 0.2912890625 0.0675595238095238 0.1995703125
0.0 0.35788690476190477 0.3090625 0.08110119047619048 0.22171875
0.0 0.5089583333333333 0.2619140625 0.059136904761904766 0.2128515625
0.0 0.855952380952381 0.73671875 0.170625 0.47671875
0.0 0.4828273809523809 0.374609375 0.09348214285714286 0.2553125
0.0 0.4116666666666666 0.3696484375 0.0675595238095238 0.22984375
0.0 0.6491369047619048 0.26640625 0.07770833333333334 0.22171875
