0.0 0.4281845238095238 0.27765625 0.06967261904761905 0.23875
0.0 0.08535714285714285 0.452734375 0.0868452380952381 0.28296875
0.0 0.7374404761904761 0.3241015625 0.08818452380952381 0.2572265625
0.0 0.8675595238095238 0.7262109375 0.17392857142857143 0.530546875
0.0 0.47276785714285713 0.2912890625 0.0675595238095238 0.1995703125
0.0 0.35788690476190477 0.3090625 0.08110119047619048 0.22171875
0.0 0.5078869047619048 0.262734375 0.059136904761904766 0.2128515625
0.0 0.88375 0.7346875 0.170625 0.47671875
0.0 0.47764880952380956 0.379375 0.09461309523809523 0.2559765625
0.0 0.40675595238095236 0.373046875 0.0675595238095238 0.2321875
0.0 0.643422619047619 0.2646875 0.07770833333333334 0.22171875
