0.0 0.4277976190476191 0.2794921875 0.06886904761904762 0.242421875
0.0 0.08535714285714285 0.452734375 0.0868452380952381 0.28296875
0.0 0.7374404761904761 0.3241015625 0.08818452380952381 0.2572265625
0.0 0.8675595238095238 0.7262109375 0.17392857142857143 0.530546875
0.0 0.47276785714285713 0.2912890625 0.0675595238095238 0.1995703125
0.0 0.35788690476190477 0.3090625 0.08110119047619048 0.22171875
0.0 0.5051785714285715 0.2647265625 0.059136904761904766 0.2128515625
0.0 0.9435714285714286 0.738984375 0.170625 0.47671875
0.0 0.46467261904761903 0.3912890625 0.09741071428571428 0.2576171875
0.0 0.39449404761904766 0.381484375 0.0675595238095238 0.23796875
0.0 0.6319345238095239 0.26515625 0.07770833333333334 0.22171875
