0.0 0.42770833333333336 0.27984375 0.06869047619047619 0.2431640625
0.0 0.08535714285714285 0.452734375 0.0868452380952381 0.28296875
0.0 0.7374404761904761 0.3241015625 0.08818452380952381 0.2572265625
0.0 0.8675595238095238 0.7262109375 0.17392857142857143 0.530546875
0.0 0.47276785714285713 0.2912890625 0.0675595238095238 0.1995703125
0.0 0.35788690476190477 0.3090625 0.08110119047619048 0.22171875
0.0 0.5046428571428572 0.2651171875 0.059136904761904766 0.2128515625
0.0 0.9550892857142858 0.7403125 0.170625 0.47671875
0.0 0.46205357142857145 0.393671875 0.09797619047619048 0.2579296875
0.0 0.3920238095238095 0.3831640625 0.0675595238095238 0.239140625
0.0 0.6296130952380953 0.265234375 0.07770833333333334 0.22171875
