0.0 0.4272321428571429 0.2820703125 0.06773809523809524 0.247578125
0.0 0.08535714285714285 0.452734375 0.0868452380952381 0.28296875
0.0 0.7374404761904761 0.3241015625 0.08818452380952381 0.2572265625
0.0 0.8675595238095238 0.7262109375 0.17392857142857143 0.530546875
0.0 0.47276785714285713 0.2912890625 0.0675595238095238 0.1995703125
0.0 0.35788690476190477 0.3090625 0.08110119047619048 0.22171875
0.0 0.5014285714285714 0.2675390625 0.059136904761904766 0.2128515625
0.0 0.4464880952380953 0.40796875 0.10136904761904762 0.259921875
0.0 0.3773214285714286 0.3933203125 0.0675595238095238 0.2461328125
0.0 0.6158333333333333 0.26578125 0.07770833333333334 0.22171875
