0.0 0.42681547619047616 0.28390625 0.0669345238095238 0.2512890625
0.0 0.08535714285714285 0.452734375 0.0868452380952381 0.28296875
0.0 0.7374404761904761 0.3241015625 0.08818452380952381 0.2572265625
0.0 0.8675595238095238 0.7262109375 0.17392857142857143 0.530546875
0.0 0.47276785714285713 0.2912890625 0.0675595238095238 0.1995703125
0.0 0.35788690476190477 0.3090625 0.08110119047619048 0.22171875
0.0 0.49875 0.26953125 0.059136904761904766 0.2128515625
0.0 0.43351190476190476 0.4198828125 0.10416666666666667 0.2615625
0.0 0.36502976190476194 0.4017578125 0.0675595238095238 0.2519140625
0.0 0.6043452380952381 0.2662109375 0.07770833333333334 0.22171875
