0.0 0.4267559523809523 0.284296875 0.0667857142857143 0.25203125
0.0 0.08535714285714285 0.452734375 0.0868452380952381 0.28296875
0.0 0.7374404761904761 0.3241015625 0.08818452380952381 0.2572265625
0.0 0.8675595238095238 0.7262109375 0.17392857142857143 0.530546875
0.0 0.47276785714285713 0.2912890625 0.0675595238095238 0.1995703125
0.0 0.35788690476190477 0.3090625 0.08110119047619048 0.22171875
0.0 0.49818452380952377 0.269921875 0.059136904761904766 0.2128515625
0.0 0.430922619047619 0.422265625 0.10473214285714286 0.261875
0.0 0.3625892857142857 0.4034375 0.0675595238095238 0.2530859375
0.0 0.6020535714285714 0.2662890625 0.07770833333333334 0.22171875
