0.0 0.4266666666666667 0.2846484375 0.06660714285714285 0.2527734375
0.0 0.08535714285714285 0.452734375 0.0868452380952381 0.28296875
0.0 0.7374404761904761 0.3241015625 0.08818452380952381 0.2572265625
0.0 0.8675595238095238 0.7262109375 0.17392857142857143 0.530546875
0.0 0.47276785714285713 0.2912890625 0.0675595238095238 0.1995703125
0.0 0.35788690476190477 0.3090625 0.08110119047619048 0.22171875
0.0 0.4976488095238095 0.2703125 0.059136904761904766 0.2128515625
0.0 0.4283035714285714 0.4246484375 0.10529761904761906 0.2622265625
0.0 0.36014880952380957 0.4051171875 0.0675595238095238 0.2542578125
0.0 0.5997619047619048 0.26640625 0.07770833333333334 0.22171875
