0.0 0.42610119047619044 0.287265625 0.06547619047619048 0.2579296875
0.0 0.08535714285714285 0.452734375 0.0868452380952381 0.28296875
0.0 0.7374404761904761 0.3241015625 0.08818452380952381 0.2572265625
0.0 0.8675595238095238 0.7262109375 0.17392857142857143 0.530546875
0.0 0.47276785714285713 0.2912890625 0.0675595238095238 0.1995703125
0.0 0.35788690476190477 0.3090625 0.08110119047619048 0.22171875
0.0 0.4942261904761905 0.273125 0.059136904761904766 0.2128515625
0.0 0.408422619047619 0.438515625 0.108125 0.2638671875
0.0 0.34297619047619043 0.416953125 0.0675595238095238 0.2623828125
0.0 0.5840773809523809 0.267734375 0.07770833333333334 0.22171875
