0.0 0.42586309523809524 0.288359375 0.065 0.26015625
0.0 0.08535714285714285 0.452734375 0.0868452380952381 0.28296875
0.0 0.7374404761904761 0.3241015625 0.08818452380952381 0.2572265625
0.0 0.8675595238095238 0.7262109375 0.17392857142857143 0.530546875
0.0 0.47276785714285713 0.2912890625 0.0675595238095238 0.1995703125
0.0 0.35788690476190477 0.3090625 0.08110119047619048 0.22171875
0.0 0.4935416666666667 0.274296875 0.059136904761904766 0.2128515625
0.0 0.398125 0.441484375 0.108125 0.2638671875
0.0 0.3355952380952381 0.42203125 0.0675595238095238 0.265859375
0.0 0.5783630952380953 0.270234375 0.07770833333333334 0.22171875
