0.0 0.4492857142857143 0.305078125 0.06419642857142857 0.2638671875
0.0 0.08535714285714285 0.452734375 0.0868452380952381 0.28296875
0.0 0.7374404761904761 0.3241015625 0.08818452380952381 0.2572265625
0.0 0.8675595238095238 0.7262109375 0.17392857142857143 0.530546875
0.0 0.47276785714285713 0.2912890625 0.0675595238095238 0.1995703125
0.0 0.35788690476190477 0.3090625 0.08110119047619048 0.22171875
0.0 0.4878571428571428 0.2846875 0.059136904761904766 0.2128515625
0.0 0.30663690476190475 0.46734375 0.108125 0.2638671875
0.0 0.24860119047619048 0.4550390625 0.0675595238095238 0.2705078125
0.0 0.5371428571428571 0.289296875 0.07770833333333334 0.22171875
0.0 0.8098214285714287 0.3618359375 0.09122023809523809 0.261640625
0.0 0.8604761904761905 0.3938671875 0.09122023809523809 0.2594140625
