0.0 0.4757142857142857 0.302109375 0.06419642857142857 0.2638671875
0.0 0.08535714285714285 0.452734375 0.0868452380952381 0.28296875
0.0 0.7374404761904761 0.3241015625 0.08818452380952381 0.2572265625
0.0 0.8675595238095238 0.7262109375 0.17392857142857143 0.530546875
0.0 0.47276785714285713 0.2912890625 0.0675595238095238 0.1995703125
0.0 0.35788690476190477 0.3090625 0.08110119047619048 0.22171875
0.0 0.42270833333333335 0.276328125 0.059136904761904766 0.2128515625
0.0 0.20416666666666666 0.4945703125 0.108125 0.2638671875
0.0 0.14535714285714288 0.479375 0.06999999999999999 0.2705078125
0.0 0.5195238095238095 0.2957421875 0.07770833333333334 0.22171875
0.0 0.690952380952381 0.3955078125 0.09122023809523809 0.261640625
0.0 0.7265178571428572 0.42234375 0.09122023809523809 0.2594140625
