0.0 0.4764285714285715 0.3022265625 0.06419642857142857 0.2638671875
0.0 0.08535714285714285 0.452734375 0.0868452380952381 0.28296875
0.0 0.7374404761904761 0.3241015625 0.08818452380952381 0.2572265625
0.0 0.8675595238095238 0.7262109375 0.17392857142857143 0.530546875
0.0 0.47276785714285713 0.2912890625 0.0675595238095238 0.1995703125
0.0 0.35788690476190477 0.3090625 0.08110119047619048 0.22171875
0.0 0.4208928571428571 0.2756640625 0.059136904761904766 0.2128515625
0.0 0.20020833333333332 0.495625 0.108125 0.2638671875
0.0 0.14068452380952381 0.4810546875 0.07047619047619047 0.2705078125
0.0 0.5186309523809524 0.2957421875 0.07770833333333334 0.22171875
0.0 0.6863690476190476 0.3968359375 0.09122023809523809 0.261640625
0.0 0.7195833333333334 0.4228125 0.09122023809523809 0.2594140625
