0.0 0.48345238095238097 0.303125 0.06419642857142857 0.2638671875
0.0 0.08535714285714285 0.452734375 0.0868452380952381 0.28296875
0.0 0.7374404761904761 0.3241015625 0.08818452380952381 0.2572265625
0.0 0.8675595238095238 0.7262109375 0.17392857142857143 0.530546875
0.0 0.47276785714285713 0.2912890625 0.0675595238095238 0.1995703125
0.0 0.35788690476190477 0.3090625 0.08110119047619048 0.22171875
0.0 0.4143154761904762 0.275546875 0.059136904761904766 0.2128515625
0.0 0.15916666666666665 0.5075390625 0.10991071428571428 0.2749609375
0.0 0.09401785714285714 0.4979296875 0.07529761904761904 0.2705078125
0.0 0.5150297619047619 0.2957421875 0.07770833333333334 0.22171875
0.0 0.6398214285714285 0.408125 0.09122023809523809 0.261640625
0.0 0.6729761904761905 0.432109375 0.09122023809523809 0.2594140625
0.0 0.8376488095238095 0.3711328125 0.07264880952380952 0.3237109375
0.0 0.902827380952381 0.3833203125 0.10473214285714286 0.31265625
