0.0 0.4863095238095238 0.303515625 0.06419642857142857 0.2638671875
0.0 0.08535714285714285 0.452734375 0.0868452380952381 0.28296875
0.0 0.7374404761904761 0.3241015625 0.08818452380952381 0.2572265625
0.0 0.8675595238095238 0.7262109375 0.17392857142857143 0.530546875
0.0 0.35788690476190477 0.3090625 0.08110119047619048 0.22171875
0.0 0.41776785714285714 0.2894921875 0.059136904761904766 0.2128515625
0.0 0.5150297619047619 0.2957421875 0.07770833333333334 0.22171875
0.0 0.33514880952380954 0.451640625 0.09461309523809523 0.2882421875
0.0 0.35851190476190475 0.5103125 0.09122023809523809 0.2594140625
0.0 0.5541964285714286 0.412890625 0.07264880952380952 0.3237109375
0.0 0.6054761904761905 0.4454296875 0.10473214285714286 0.31265625
0.0 0.6561904761904762 0.2862890625 0.10136904761904762 0.2350390625
