1.0 0.37124999999999997 0.640625 0.12223214285714286 0.0974609375
1.0 0.4966071428571429 0.9260546875 0.15592261904761906 0.130078125
1.0 0.18193452380952382 0.6621875 0.10794642857142858 0.100078125
1.0 0.36669642857142853 0.924921875 0.1382142857142857 0.1165625
1.0 0.1780357142857143 0.3477734375 0.1538392857142857 0.0964453125
1.0 0.1600892857142857 0.3809765625 0.06252976190476191 0.042734375
1.0 0.1538095238095238 0.4101171875 0.06910714285714285 0.0547265625
1.0 0.41961309523809526 0.4798046875 0.10119047619047619 0.0725
1.0 0.5626190476190476 0.4472265625 0.08223214285714285 0.0584765625
1.0 0.34092261904761906 0.3743359375 0.23032738095238095 0.1525390625
1.0 0.4604761904761905 0.3544140625 0.08223214285714285 0.0713671875
1.0 0.6871130952380953 0.4390625 0.08339285714285714 0.0537890625
1.0 0.7545833333333333 0.5746875 0.10494047619047618 0.0666015625
1.0 0.7619642857142856 0.66078125 0.11264880952380953 0.0846484375
1.0 0.8146726190476191 0.56578125 0.095625 0.061484375
