1.0 0.3902380952380953 0.6490234375 0.1231547619047619 0.10046875
1.0 0.5157738095238096 0.9359765625 0.15991071428571427 0.127421875
1.0 0.19535714285714287 0.6702734375 0.11080357142857142 0.1026953125
1.0 0.3838392857142857 0.933359375 0.1382142857142857 0.1116796875
1.0 0.17592261904761905 0.346796875 0.14964285714285713 0.094453125
1.0 0.15425595238095238 0.3787890625 0.06163690476190477 0.042734375
1.0 0.14788690476190475 0.4066796875 0.06592261904761905 0.054140625
1.0 0.4094345238095238 0.4758984375 0.10086309523809524 0.0722265625
1.0 0.5541071428571429 0.44421875 0.08178571428571428 0.058125
1.0 0.33458333333333334 0.371875 0.22875 0.1506640625
1.0 0.45425595238095234 0.3525390625 0.0824702380952381 0.07140625
1.0 0.6798809523809524 0.43671875 0.08300595238095239 0.0534765625
1.0 0.743452380952381 0.5704296875 0.104375 0.06625
1.0 0.7455952380952381 0.6543359375 0.11202380952380953 0.0844140625
1.0 0.8027083333333332 0.5615625 0.09580357142857142 0.061484375
