1.0 0.40919642857142857 0.657421875 0.12404761904761905 0.1034375
1.0 0.5348214285714286 0.9409765625 0.15991071428571427 0.1184375
1.0 0.2087797619047619 0.67828125 0.11366071428571428 0.1053125
1.0 0.40095238095238095 0.941796875 0.1382142857142857 0.1068359375
1.0 0.1738392857142857 0.34578125 0.14544642857142856 0.0924609375
1.0 0.14842261904761905 0.376640625 0.06077380952380953 0.042734375
1.0 0.14193452380952382 0.4032421875 0.06270833333333334 0.053515625
1.0 0.3992559523809524 0.471953125 0.10053571428571428 0.071953125
1.0 0.5456547619047619 0.44125 0.08136904761904762 0.0578125
1.0 0.32821428571428574 0.369453125 0.22717261904761904 0.1487890625
1.0 0.44800595238095237 0.3506640625 0.08270833333333333 0.071484375
1.0 0.6726488095238095 0.434375 0.08261904761904762 0.0531640625
1.0 0.7322619047619048 0.566171875 0.10383928571428572 0.0658984375
1.0 0.7291964285714285 0.6478515625 0.11142857142857142 0.0841796875
1.0 0.7907440476190476 0.55734375 0.09598214285714286 0.061484375
