1.0 0.4471130952380952 0.67421875 0.12589285714285714 0.109453125
1.0 0.5728869047619047 0.9509765625 0.15991071428571427 0.10046875
1.0 0.23800595238095237 0.697109375 0.11842261904761904 0.1064453125
1.0 0.43220238095238095 0.955234375 0.13592261904761904 0.091953125
1.0 0.16964285714285715 0.3437890625 0.13708333333333333 0.0884375
1.0 0.13672619047619047 0.3723046875 0.059017857142857136 0.042734375
1.0 0.13005952380952382 0.396328125 0.056309523809523816 0.05234375
1.0 0.3823511904761905 0.4653515625 0.09898809523809524 0.07234375
1.0 0.5287202380952382 0.435234375 0.08047619047619048 0.0571484375
1.0 0.3155059523809524 0.3645703125 0.22401785714285713 0.1450390625
1.0 0.4355357142857143 0.346875 0.08315476190476191 0.0716015625
1.0 0.6581547619047619 0.4296875 0.081875 0.0525390625
1.0 0.7099702380952382 0.55765625 0.10273809523809525 0.0651953125
1.0 0.6989880952380952 0.635546875 0.11002976190476191 0.0833984375
1.0 0.7667857142857143 0.54890625 0.09633928571428571 0.061484375
1.0 0.9144047619047619 0.6616015625 0.1393452380952381 0.1124609375
