1.0 0.4872321428571429 0.6916015625 0.12610119047619048 0.1124609375
1.0 0.26961309523809524 0.71859375 0.12223214285714286 0.1034375
1.0 0.46035714285714285 0.965234375 0.1313690476190476 0.071953125
1.0 0.12863095238095237 0.36796875 0.05005952380952381 0.042734375
1.0 0.3654464285714286 0.45875 0.0974702380952381 0.0727734375
1.0 0.5117559523809524 0.4292578125 0.07958333333333333 0.056484375
1.0 0.30279761904761904 0.3597265625 0.22089285714285714 0.1412890625
1.0 0.4230654761904762 0.3430859375 0.08363095238095239 0.07171875
1.0 0.6436904761904761 0.425 0.08110119047619048 0.0519140625
1.0 0.6876785714285715 0.5491796875 0.10166666666666666 0.064453125
1.0 0.6713690476190477 0.6239453125 0.10845238095238094 0.082265625
1.0 0.7438690476190476 0.5405078125 0.09651785714285714 0.0612109375
1.0 0.8864880952380952 0.651015625 0.13726190476190475 0.1105859375
