1.0 0.5294940476190476 0.7095703125 0.12473214285714285 0.1124609375
1.0 0.30217261904761905 0.736328125 0.1256547619047619 0.106953125
1.0 0.12053571428571429 0.3636328125 0.04113095238095238 0.042734375
1.0 0.34854166666666664 0.4521875 0.09595238095238096 0.0731640625
1.0 0.4948214285714285 0.4232421875 0.0786904761904762 0.0558203125
1.0 0.29092261904761907 0.356171875 0.21827380952380954 0.1374609375
1.0 0.4105654761904762 0.339296875 0.08407738095238096 0.0718359375
1.0 0.6292559523809524 0.4203125 0.08035714285714286 0.0512890625
1.0 0.6691071428571428 0.542578125 0.10071428571428573 0.063984375
1.0 0.64375 0.61234375 0.10687499999999998 0.0811328125
1.0 0.7219642857142857 0.532109375 0.09651785714285714 0.060703125
1.0 0.8585416666666668 0.640390625 0.1351488095238095 0.10875
