1.0 0.5505952380952381 0.71859375 0.12404761904761905 0.1124609375
1.0 0.31842261904761904 0.7451953125 0.12738095238095237 0.1087109375
1.0 0.3400892857142857 0.4488671875 0.09517857142857143 0.073359375
1.0 0.4863690476190476 0.420234375 0.07824404761904762 0.05546875
1.0 0.28538690476190476 0.355078125 0.21720238095238095 0.1355078125
1.0 0.40434523809523815 0.337421875 0.08428571428571428 0.0719140625
1.0 0.6219940476190476 0.41796875 0.0799702380952381 0.0509765625
1.0 0.6598511904761905 0.5392578125 0.10023809523809524 0.0637109375
1.0 0.6299107142857143 0.6065625 0.10610119047619047 0.0805859375
1.0 0.7110119047619048 0.5279296875 0.09651785714285714 0.06046875
1.0 0.8445833333333332 0.635078125 0.13407738095238095 0.1078125
