1.0 0.5944642857142858 0.739296875 0.1263392857142857 0.11484375
1.0 0.35098214285714285 0.7629296875 0.13080357142857144 0.1121875
1.0 0.32318452380952384 0.442265625 0.09366071428571428 0.07375
1.0 0.4694345238095238 0.4142578125 0.07735119047619048 0.0548046875
1.0 0.2743154761904762 0.352890625 0.2150892857142857 0.1316015625
1.0 0.3922321428571428 0.3336328125 0.08401785714285714 0.0711328125
1.0 0.6096428571428572 0.413984375 0.07949404761904762 0.0508984375
1.0 0.6412797619047619 0.5326171875 0.09928571428571428 0.063203125
1.0 0.6022916666666667 0.594921875 0.10452380952380952 0.079453125
1.0 0.6891071428571428 0.5195703125 0.09651785714285714 0.0599609375
1.0 0.8166071428571429 0.6244921875 0.13196428571428573 0.1059765625
1.0 0.9064285714285715 0.5184375 0.15535714285714286 0.1259375
