1.0 0.6172023809523809 0.7509765625 0.1293154761904762 0.1172265625
1.0 0.3672619047619048 0.771796875 0.1325 0.1139453125
1.0 0.31473214285714285 0.438984375 0.09291666666666666 0.0739453125
1.0 0.46092261904761905 0.41125 0.0769047619047619 0.054453125
1.0 0.26877976190476194 0.351796875 0.21404761904761904 0.129609375
1.0 0.3863095238095238 0.33171875 0.08351190476190476 0.0703125
1.0 0.6035119047619047 0.4119921875 0.07925595238095237 0.050859375
1.0 0.6319940476190476 0.529296875 0.09880952380952382 0.06296875
1.0 0.5884821428571428 0.5891015625 0.1037202380952381 0.07890625
1.0 0.6781845238095239 0.5153515625 0.09651785714285714 0.0597265625
1.0 0.8026785714285714 0.6191796875 0.13092261904761907 0.105078125
1.0 0.8973511904761905 0.515625 0.15476190476190477 0.12515625
