1.0 0.6626488095238096 0.774375 0.13523809523809524 0.12203125
1.0 0.4055357142857143 0.7928125 0.13479166666666667 0.116953125
1.0 0.2978273809523809 0.4323828125 0.09136904761904761 0.074375
1.0 0.44398809523809524 0.405234375 0.07601190476190475 0.0537890625
1.0 0.2577083333333333 0.349609375 0.2119345238095238 0.125703125
1.0 0.3744940476190476 0.327890625 0.08249999999999999 0.0686328125
1.0 0.5911904761904762 0.40796875 0.07877976190476191 0.0507421875
1.0 0.6134226190476191 0.5226953125 0.09785714285714286 0.0624609375
1.0 0.5608333333333333 0.5775 0.10217261904761904 0.0777734375
1.0 0.6562797619047619 0.50703125 0.09651785714285714 0.05921875
1.0 0.774702380952381 0.6085546875 0.12880952380952382 0.103203125
1.0 0.8791964285714287 0.509921875 0.1535416666666667 0.1235546875
