1.0 0.7345238095238096 0.809453125 0.14416666666666667 0.125625
1.0 0.46377976190476194 0.824765625 0.1386011904761905 0.1214453125
1.0 0.27247023809523807 0.4225 0.08910714285714286 0.0749609375
1.0 0.41857142857142854 0.39625 0.07470238095238095 0.0528125
1.0 0.2411011904761905 0.346328125 0.2087797619047619 0.11984375
1.0 0.35678571428571426 0.322109375 0.08098214285714286 0.0661328125
1.0 0.5726785714285714 0.401953125 0.07806547619047619 0.050625
1.0 0.5855952380952381 0.5127734375 0.09642857142857142 0.06171875
1.0 0.5194047619047619 0.5600390625 0.09979166666666667 0.07609375
1.0 0.6234523809523809 0.494453125 0.09651785714285714 0.0584765625
1.0 0.7327976190476191 0.59265625 0.1256547619047619 0.10046875
1.0 0.8519642857142857 0.5013671875 0.15175595238095238 0.1212109375
