1.0 0.8904166666666666 0.8805078125 0.1530654761904762 0.127421875
1.0 0.5858928571428572 0.890859375 0.14758928571428573 0.1289453125
1.0 0.22991071428571427 0.406015625 0.08738095238095238 0.068984375
1.0 0.3720833333333333 0.3802734375 0.07205357142857143 0.0519140625
1.0 0.3255654761904762 0.3132421875 0.07711309523809524 0.058828125
1.0 0.5356845238095238 0.389921875 0.07666666666666667 0.0503515625
1.0 0.5299107142857143 0.492890625 0.09357142857142857 0.060234375
1.0 0.4447023809523809 0.528125 0.09366071428571428 0.0712890625
1.0 0.570952380952381 0.4753125 0.08410714285714287 0.0584765625
1.0 0.6567857142857143 0.5640234375 0.1219047619047619 0.0971875
1.0 0.7975 0.484375 0.148125 0.116484375
1.0 0.9389880952380952 0.6511328125 0.10622023809523809 0.0764453125
