1.0 0.9338392857142856 0.9040234375 0.1256547619047619 0.1254296875
1.0 0.6302083333333334 0.913046875 0.15032738095238093 0.1289453125
1.0 0.21571428571428572 0.4005078125 0.08681547619047619 0.066953125
1.0 0.3569047619047619 0.375078125 0.07116071428571429 0.0516796875
1.0 0.31586309523809525 0.310703125 0.07568452380952381 0.056015625
1.0 0.5233630952380952 0.3858984375 0.0761904761904762 0.0502734375
1.0 0.5113392857142858 0.48625 0.09261904761904763 0.0597265625
1.0 0.4211309523809524 0.5180078125 0.09136904761904761 0.0694140625
1.0 0.553452380952381 0.4689453125 0.0799702380952381 0.0584765625
1.0 0.6314285714285715 0.5544921875 0.1206547619047619 0.09609375
1.0 0.7793154761904763 0.478671875 0.1469345238095238 0.1148828125
1.0 0.9135416666666666 0.6414453125 0.10532738095238095 0.07546875
