1.0 0.9498214285714285 0.9155078125 0.09824404761904762 0.1234375
1.0 0.6523809523809524 0.924140625 0.15169642857142857 0.1289453125
1.0 0.20863095238095236 0.3977734375 0.08651785714285715 0.0659765625
1.0 0.3492857142857143 0.3725 0.07074404761904762 0.0515625
1.0 0.31101190476190477 0.309453125 0.0749702380952381 0.054609375
1.0 0.5172023809523809 0.38390625 0.07595238095238095 0.050234375
1.0 0.5020535714285714 0.48296875 0.09214285714285715 0.059453125
1.0 0.4093452380952381 0.5129296875 0.09023809523809524 0.068515625
1.0 0.544672619047619 0.4657421875 0.07940476190476191 0.058125
1.0 0.6187797619047619 0.5497265625 0.12005952380952382 0.095546875
1.0 0.7702380952380953 0.475859375 0.14633928571428573 0.1141015625
1.0 0.9008333333333334 0.6365625 0.10485119047619047 0.0749609375
