1.0 0.09425595238095238 0.6211328125 0.09595238095238096 0.08546875
1.0 0.10526785714285714 0.5537890625 0.08208333333333333 0.0732421875
1.0 0.1624107142857143 0.3790234375 0.08148809523809523 0.06296875
1.0 0.2978571428571429 0.35484375 0.06803571428571428 0.0503125
1.0 0.47401785714285716 0.36984375 0.07431547619047618 0.049921875
1.0 0.4405654761904762 0.4599609375 0.08720238095238095 0.05796875
1.0 0.3292261904761905 0.4785546875 0.08258928571428571 0.06265625
1.0 0.48300595238095234 0.443125 0.07538690476190475 0.055703125
1.0 0.5408333333333333 0.5187109375 0.11339285714285714 0.0925
1.0 0.7096428571428571 0.4566796875 0.14291666666666666 0.109609375
1.0 0.8118154761904761 0.60265625 0.10166666666666666 0.071484375
1.0 0.8951488095238095 0.5915625 0.11982142857142856 0.08796875
