1.0 0.10773809523809524 0.6289453125 0.09824404761904762 0.0860546875
1.0 0.11776785714285715 0.560859375 0.08386904761904762 0.0741015625
1.0 0.15619047619047619 0.37640625 0.08044642857142857 0.06296875
1.0 0.2911309523809524 0.3525390625 0.06776785714285714 0.0499609375
1.0 0.4678869047619048 0.3678515625 0.07407738095238095 0.0498828125
1.0 0.4324404761904762 0.45671875 0.08619047619047619 0.0578125
1.0 0.31970238095238096 0.4746484375 0.08178571428571428 0.0623828125
1.0 0.47419642857142863 0.439921875 0.07482142857142857 0.0553515625
1.0 0.530327380952381 0.514375 0.11229166666666665 0.0920703125
1.0 0.7015476190476191 0.4540625 0.1425892857142857 0.1091796875
1.0 0.799077380952381 0.5977734375 0.10122023809523809 0.0709765625
1.0 0.8856845238095238 0.587890625 0.12071428571428572 0.086953125
