1.0 0.13470238095238093 0.64453125 0.10279761904761904 0.087265625
1.0 0.14395833333333333 0.575390625 0.08720238095238095 0.0749609375
1.0 0.14482142857142857 0.37125 0.07511904761904761 0.061640625
1.0 0.27767857142857144 0.3478515625 0.06726190476190477 0.049296875
1.0 0.45556547619047616 0.363828125 0.07360119047619047 0.049765625
1.0 0.41622023809523806 0.450234375 0.08413690476190476 0.0574609375
1.0 0.3007142857142857 0.466875 0.08017857142857143 0.0617578125
1.0 0.45657738095238093 0.4334765625 0.0736904761904762 0.0546484375
1.0 0.5092559523809524 0.50578125 0.11014880952380952 0.0912890625
1.0 0.6853571428571429 0.4488671875 0.1419047619047619 0.10828125
1.0 0.7736607142857143 0.588125 0.10029761904761905 0.0699609375
1.0 0.8667857142857143 0.580546875 0.12247023809523809 0.0849609375
