1.0 0.16166666666666668 0.6601171875 0.10738095238095238 0.0884375
1.0 0.17136904761904762 0.5904296875 0.09023809523809524 0.0749609375
1.0 0.13452380952380955 0.366171875 0.06654761904761905 0.0590234375
1.0 0.26419642857142855 0.343203125 0.06675595238095237 0.0486328125
1.0 0.44321428571428567 0.3598046875 0.0731547619047619 0.0496875
1.0 0.3999702380952381 0.4437109375 0.08211309523809524 0.0571484375
1.0 0.28172619047619046 0.4590625 0.07860119047619048 0.061171875
1.0 0.43895833333333334 0.4269921875 0.0725297619047619 0.053984375
1.0 0.48824404761904766 0.4971875 0.10797619047619048 0.0905078125
1.0 0.6691666666666667 0.443671875 0.14125000000000001 0.107421875
1.0 0.7482440476190476 0.5784375 0.099375 0.068984375
1.0 0.8480357142857142 0.5735546875 0.12330357142857143 0.0836328125
