1.0 0.17779761904761907 0.6694921875 0.109375 0.090703125
1.0 0.1850892857142857 0.597890625 0.09175595238095238 0.0749609375
1.0 0.129375 0.3636328125 0.06226190476190477 0.057734375
1.0 0.2574702380952381 0.340859375 0.06651785714285714 0.0483203125
1.0 0.43705357142857143 0.3578125 0.07291666666666667 0.0496484375
1.0 0.3918452380952381 0.44046875 0.08110119047619048 0.056953125
1.0 0.2722023809523809 0.45515625 0.07779761904761905 0.060859375
1.0 0.4311607142857143 0.4241015625 0.07238095238095238 0.0535546875
1.0 0.4777083333333333 0.4928515625 0.1069047619047619 0.0901171875
1.0 0.6610714285714285 0.4410546875 0.14089285714285715 0.1069921875
1.0 0.737172619047619 0.574140625 0.09895833333333333 0.068984375
1.0 0.83875 0.57015625 0.12324404761904761 0.0833203125
