1.0 0.19392857142857142 0.6788671875 0.11136904761904762 0.09296875
1.0 0.19877976190476193 0.605390625 0.09327380952380952 0.0749609375
1.0 0.2507440476190476 0.338515625 0.06625 0.04796875
1.0 0.43089285714285713 0.35578125 0.07267857142857144 0.049609375
1.0 0.38458333333333333 0.4376171875 0.080625 0.05640625
1.0 0.2627083333333333 0.45125 0.07699404761904763 0.0605859375
1.0 0.4233928571428571 0.4212109375 0.07226190476190476 0.053125
1.0 0.4672023809523809 0.4885546875 0.10580357142857141 0.0897265625
1.0 0.6529761904761905 0.4384375 0.14056547619047619 0.1065234375
1.0 0.7261011904761905 0.56984375 0.09857142857142856 0.068984375
1.0 0.8294642857142857 0.5667578125 0.12318452380952381 0.0830078125
