1.0 0.24342261904761905 0.7080859375 0.11630952380952381 0.0974609375
1.0 0.2456845238095238 0.6303125 0.09529761904761906 0.0759375
1.0 0.23258928571428572 0.3308984375 0.06282738095238095 0.0452734375
1.0 0.4123809523809524 0.349765625 0.07196428571428572 0.0494921875
1.0 0.3628571428571429 0.4290234375 0.07922619047619048 0.0548046875
1.0 0.23422619047619048 0.439609375 0.07458333333333333 0.0596875
1.0 0.40005952380952375 0.412578125 0.0718154761904762 0.051875
1.0 0.43562500000000004 0.4756640625 0.10255952380952381 0.088515625
1.0 0.6286904761904762 0.4306640625 0.13955357142857144 0.1051953125
1.0 0.6929464285714286 0.5569921875 0.09735119047619048 0.068984375
1.0 0.801577380952381 0.5565234375 0.12300595238095238 0.0820703125
