1.0 0.27788690476190475 0.7290625 0.11821428571428572 0.0974609375
1.0 0.2788988095238095 0.6476953125 0.09577380952380952 0.076875
1.0 0.22047619047619046 0.32578125 0.06053571428571428 0.0434765625
1.0 0.40184523809523814 0.3462109375 0.07145833333333333 0.048984375
1.0 0.3483630952380952 0.42328125 0.07830357142857143 0.0537109375
1.0 0.21520833333333333 0.431796875 0.07297619047619047 0.0590625
1.0 0.3844940476190476 0.4068359375 0.07154761904761904 0.051015625
1.0 0.41458333333333336 0.4670703125 0.10041666666666667 0.087734375
1.0 0.612470238095238 0.4254296875 0.13889880952380954 0.1043359375
1.0 0.6708333333333334 0.5484375 0.09651785714285714 0.068984375
1.0 0.7829761904761904 0.549765625 0.12288690476190475 0.0814453125
