1.0 0.535625 0.8764453125 0.1407142857142857 0.118125
1.0 0.5239880952380952 0.7819921875 0.12482142857142857 0.0928515625
1.0 0.1550892857142857 0.7191015625 0.11249999999999999 0.09796875
1.0 0.33339285714285716 0.3229296875 0.0681547619047619 0.0457421875
1.0 0.25660714285714287 0.38640625 0.0724702380952381 0.044921875
1.0 0.2891369047619048 0.3714453125 0.0680952380952381 0.046640625
1.0 0.29273809523809524 0.422109375 0.09080357142857143 0.0787109375
1.0 0.5142261904761904 0.3944140625 0.1331845238095238 0.10015625
1.0 0.5351785714285714 0.4962890625 0.09071428571428572 0.064453125
1.0 0.662172619047619 0.506796875 0.11892857142857143 0.07796875
