1.0 0.556875 0.88875 0.14392857142857143 0.119921875
1.0 0.5480059523809524 0.7940234375 0.12636904761904763 0.0943359375
1.0 0.16794642857142858 0.7270703125 0.11535714285714285 0.0984375
1.0 0.328125 0.3211328125 0.06791666666666667 0.04546875
1.0 0.25 0.38375 0.07074404761904762 0.044140625
1.0 0.282797619047619 0.3690625 0.06752976190476191 0.046484375
1.0 0.28520833333333334 0.418984375 0.09023809523809524 0.0782421875
1.0 0.5067559523809524 0.3920703125 0.13273809523809524 0.09984375
1.0 0.5254761904761904 0.4926171875 0.09023809523809524 0.0637109375
1.0 0.6528273809523809 0.5039453125 0.11726190476190476 0.07796875
