1.0 0.6533928571428571 0.93671875 0.1519345238095238 0.119921875
1.0 0.6439285714285715 0.8419921875 0.1324404761904762 0.1003515625
1.0 0.2193452380952381 0.7591015625 0.12678571428571428 0.10046875
1.0 0.308452380952381 0.314375 0.06681547619047619 0.044609375
1.0 0.22345238095238096 0.373046875 0.06377976190476191 0.0409765625
1.0 0.2575 0.3596484375 0.06535714285714286 0.045859375
1.0 0.2550595238095238 0.4065625 0.08794642857142858 0.07640625
1.0 0.4777380952380953 0.383125 0.13020833333333334 0.098828125
1.0 0.48663690476190474 0.4778125 0.08827380952380952 0.060703125
1.0 0.6155059523809524 0.4926171875 0.1106845238095238 0.07796875
