1.0 0.7016964285714286 0.950625 0.15020833333333333 0.09671875
1.0 0.6937202380952381 0.866875 0.13580357142857144 0.1036328125
1.0 0.2501785714285714 0.778203125 0.12336309523809524 0.105703125
1.0 0.29931547619047616 0.311171875 0.06625 0.04421875
1.0 0.21017857142857144 0.3676953125 0.06029761904761905 0.0394140625
1.0 0.24485119047619047 0.354921875 0.0642857142857143 0.0455859375
1.0 0.24 0.4003125 0.08681547619047619 0.07546875
1.0 0.4644345238095238 0.379296875 0.12794642857142857 0.09859375
1.0 0.4672321428571429 0.4704296875 0.08729166666666666 0.05921875
1.0 0.596875 0.486953125 0.10738095238095238 0.07796875
1.0 0.9248809523809524 0.7325390625 0.11479166666666667 0.0803515625
