1.0 0.7499404761904762 0.964453125 0.14851190476190476 0.0734765625
1.0 0.7453869047619047 0.8926953125 0.1394642857142857 0.1072265625
1.0 0.043988095238095236 0.519921875 0.07767857142857143 0.071953125
1.0 0.2810416666666667 0.7973046875 0.11994047619047618 0.1109375
1.0 0.29017857142857145 0.30796875 0.0656845238095238 0.0438671875
1.0 0.1969345238095238 0.36234375 0.05681547619047619 0.0378515625
1.0 0.23220238095238094 0.3501953125 0.06318452380952382 0.0452734375
1.0 0.22491071428571427 0.3941015625 0.08568452380952381 0.0745703125
1.0 0.4511904761904762 0.3755078125 0.1256547619047619 0.098359375
1.0 0.44943452380952376 0.4634765625 0.08633928571428572 0.0583203125
1.0 0.5808035714285714 0.4803515625 0.10589285714285714 0.0763671875
1.0 0.8897916666666668 0.716953125 0.11366071428571428 0.079140625
