1.0 0.7969940476190477 0.9184765625 0.14309523809523808 0.1108203125
1.0 0.06821428571428571 0.53375 0.08133928571428571 0.071953125
1.0 0.3124404761904762 0.8175390625 0.1256547619047619 0.1139453125
1.0 0.2810416666666667 0.3048046875 0.06511904761904762 0.0434765625
1.0 0.2195535714285714 0.34546875 0.06211309523809524 0.0449609375
1.0 0.2098511904761905 0.3878515625 0.08452380952380951 0.0736328125
1.0 0.4379166666666666 0.3716796875 0.12336309523809524 0.098125
1.0 0.4333333333333333 0.4569921875 0.08535714285714285 0.0580078125
1.0 0.5647321428571429 0.4737109375 0.1044047619047619 0.074765625
1.0 0.8547321428571428 0.7013671875 0.11249999999999999 0.07796875
