1.0 0.825 0.928359375 0.14595238095238094 0.104453125
1.0 0.08032738095238094 0.540625 0.08315476190476191 0.071953125
1.0 0.3281547619047619 0.8276953125 0.12851190476190477 0.1154296875
1.0 0.27645833333333336 0.3041796875 0.06413690476190477 0.0417578125
1.0 0.21324404761904764 0.343125 0.06157738095238095 0.04484375
1.0 0.2023214285714286 0.384765625 0.08395833333333333 0.0731640625
1.0 0.4312797619047619 0.3698046875 0.12223214285714286 0.098046875
1.0 0.4252678571428571 0.45375 0.08488095238095238 0.0578515625
1.0 0.5567261904761904 0.4704296875 0.1036904761904762 0.073984375
1.0 0.837202380952381 0.6935546875 0.1119345238095238 0.07734375
