1.0 0.8529761904761906 0.9383203125 0.1488095238095238 0.0980859375
1.0 0.09244047619047618 0.5475390625 0.08499999999999999 0.071953125
1.0 0.34386904761904763 0.8377734375 0.1313690476190476 0.116953125
1.0 0.271875 0.303515625 0.06315476190476191 0.0400390625
1.0 0.2069047619047619 0.3407421875 0.06101190476190476 0.0446875
1.0 0.19479166666666667 0.381640625 0.08339285714285714 0.0726953125
1.0 0.42464285714285716 0.367890625 0.12107142857142857 0.0979296875
1.0 0.41723214285714283 0.450546875 0.0844047619047619 0.0576953125
1.0 0.5486904761904763 0.467109375 0.10294642857142858 0.073203125
1.0 0.8196726190476191 0.68578125 0.11136904761904762 0.0767578125
