1.0 0.8809523809523809 0.9482421875 0.15166666666666667 0.09171875
1.0 0.10455357142857144 0.5544140625 0.08681547619047619 0.071953125
1.0 0.3595535714285714 0.847890625 0.13422619047619047 0.1184375
1.0 0.26732142857142854 0.302890625 0.062172619047619046 0.0383203125
1.0 0.2005952380952381 0.3383984375 0.060476190476190475 0.04453125
1.0 0.1881845238095238 0.379453125 0.0825595238095238 0.073203125
1.0 0.41800595238095234 0.3659765625 0.11994047619047618 0.0978125
1.0 0.4091666666666666 0.4473046875 0.08392857142857142 0.0575390625
1.0 0.5406547619047619 0.463828125 0.10220238095238096 0.072421875
1.0 0.8021130952380953 0.67796875 0.11080357142857142 0.076171875
