1.0 0.1543452380952381 0.585 0.08773809523809524 0.07796875
1.0 0.42553571428571424 0.8895703125 0.14458333333333334 0.122421875
1.0 0.24904761904761907 0.3003125 0.05824404761904762 0.031484375
1.0 0.1769047619047619 0.329296875 0.06014880952380953 0.04296875
1.0 0.1617261904761905 0.37078125 0.07931547619047619 0.0751171875
1.0 0.391875 0.3582421875 0.11616071428571428 0.097109375
1.0 0.3769642857142857 0.434375 0.08199404761904762 0.056875
1.0 0.5085416666666667 0.4505859375 0.09925595238095239 0.06921875
1.0 0.7352083333333334 0.64984375 0.10863095238095238 0.0733203125
1.0 0.9195833333333334 0.601171875 0.09955357142857144 0.064453125
1.0 0.9188690476190476 0.6765625 0.1074404761904762 0.0741796875
1.0 0.8994345238095237 0.6301953125 0.11485119047619048 0.0597265625
