1.0 0.18208333333333332 0.5999609375 0.08937500000000001 0.07984375
1.0 0.4632142857142857 0.9121484375 0.1481547619047619 0.121328125
1.0 0.16583333333333333 0.324921875 0.060922619047619045 0.04171875
1.0 0.14851190476190476 0.3664453125 0.07767857142857143 0.07609375
1.0 0.3794047619047619 0.35421875 0.11544642857142857 0.09640625
1.0 0.36083333333333334 0.427890625 0.08104166666666666 0.0565625
1.0 0.4924702380952381 0.443984375 0.09776785714285714 0.06765625
1.0 0.7033035714285715 0.6373046875 0.1075892857142857 0.0716796875
1.0 0.9018452380952381 0.5947265625 0.09860119047619048 0.064453125
1.0 0.8941964285714286 0.6667578125 0.10636904761904763 0.073359375
1.0 0.8741666666666668 0.6205078125 0.11318452380952382 0.0594921875
