1.0 0.19735119047619049 0.6073046875 0.09080357142857143 0.0801953125
1.0 0.4820535714285714 0.9234375 0.1499702380952381 0.12078125
1.0 0.06857142857142857 0.5956640625 0.11080357142857142 0.1034375
1.0 0.16032738095238094 0.322734375 0.061309523809523814 0.04109375
1.0 0.14151785714285714 0.3620703125 0.07511904761904761 0.0744140625
1.0 0.3731547619047619 0.3521875 0.11511904761904762 0.0960546875
1.0 0.35276785714285713 0.4246484375 0.08056547619047619 0.05640625
1.0 0.48446428571428574 0.4406640625 0.09702380952380953 0.0668359375
1.0 0.6873809523809524 0.631015625 0.10705357142857143 0.070859375
1.0 0.8930059523809524 0.591484375 0.0980952380952381 0.064453125
1.0 0.8818452380952382 0.661875 0.10586309523809524 0.07296875
1.0 0.8615476190476191 0.6156640625 0.11235119047619048 0.059375
