1.0 0.22791666666666666 0.621875 0.09366071428571428 0.0809765625
1.0 0.5197619047619048 0.94078125 0.15357142857142858 0.10921875
1.0 0.09324404761904762 0.610078125 0.11535714285714285 0.1046484375
1.0 0.3606845238095238 0.3481640625 0.1144047619047619 0.095390625
1.0 0.33666666666666667 0.418203125 0.07958333333333333 0.05609375
1.0 0.4683928571428571 0.4340234375 0.0955357142857143 0.0652734375
1.0 0.6554761904761905 0.6184765625 0.10601190476190475 0.0692578125
1.0 0.8752976190476192 0.5850390625 0.09714285714285714 0.064453125
1.0 0.857172619047619 0.652109375 0.10479166666666667 0.0721484375
1.0 0.8362797619047619 0.6059765625 0.11065476190476191 0.0591796875
