1.0 0.24446428571428572 0.630859375 0.09785714285714286 0.0824609375
1.0 0.5386011904761905 0.9494921875 0.15535714285714286 0.1034375
1.0 0.10556547619047618 0.6172265625 0.11764880952380953 0.105234375
1.0 0.35443452380952384 0.3461328125 0.11404761904761905 0.0950390625
1.0 0.32860119047619046 0.4149609375 0.07910714285714285 0.0559375
1.0 0.46035714285714285 0.4307421875 0.09482142857142857 0.064453125
1.0 0.6395238095238095 0.6122265625 0.1055059523809524 0.0684375
1.0 0.8664583333333333 0.581796875 0.09666666666666665 0.064453125
1.0 0.8448511904761905 0.6471875 0.10425595238095238 0.0717578125
1.0 0.8236607142857143 0.6011328125 0.10982142857142857 0.0590625
