1.0 0.26104166666666667 0.6398828125 0.10205357142857142 0.0839453125
1.0 0.5580357142857143 0.953984375 0.15535714285714286 0.094453125
1.0 0.11791666666666666 0.624453125 0.11994047619047618 0.105859375
1.0 0.3482142857142857 0.344140625 0.1136904761904762 0.0946875
1.0 0.32056547619047615 0.41171875 0.07863095238095238 0.05578125
1.0 0.45342261904761905 0.4284375 0.09440476190476191 0.0642578125
1.0 0.6236011904761904 0.6059375 0.10500000000000001 0.0676171875
1.0 0.8576190476190477 0.57859375 0.0961607142857143 0.064453125
1.0 0.8325297619047619 0.642265625 0.1037202380952381 0.0713671875
1.0 0.8110119047619048 0.5962890625 0.10898809523809523 0.0589453125
