1.0 0.2941666666666667 0.657890625 0.11041666666666668 0.086953125
1.0 0.596875 0.96296875 0.15535714285714286 0.0764453125
1.0 0.1449702380952381 0.6400390625 0.12425595238095238 0.1076171875
1.0 0.3357142857142857 0.340078125 0.11300595238095237 0.093984375
1.0 0.30443452380952385 0.405234375 0.07767857142857143 0.05546875
1.0 0.43955357142857143 0.42390625 0.09360119047619048 0.0637890625
1.0 0.5917261904761905 0.5933984375 0.10395833333333333 0.0659765625
1.0 0.8398809523809524 0.572109375 0.09520833333333333 0.064453125
1.0 0.8078571428571428 0.6324609375 0.10264880952380953 0.0705859375
1.0 0.7857440476190476 0.5866015625 0.10732142857142858 0.0587109375
