1.0 0.32729166666666665 0.675859375 0.11880952380952381 0.0899609375
1.0 0.1744047619047619 0.656875 0.12830357142857143 0.1099609375
1.0 0.3232440476190476 0.3360546875 0.11229166666666665 0.09328125
1.0 0.29092261904761907 0.400390625 0.07577380952380952 0.0547265625
1.0 0.4256547619047619 0.419296875 0.09279761904761905 0.063359375
1.0 0.5650595238095238 0.5815234375 0.10181547619047619 0.0653125
1.0 0.8221726190476191 0.5656640625 0.09422619047619048 0.064453125
1.0 0.7831845238095237 0.6226953125 0.10157738095238096 0.069765625
1.0 0.9361309523809525 0.5214453125 0.10967261904761905 0.068984375
1.0 0.7605059523809524 0.5769140625 0.1056547619047619 0.0584765625
