1.0 0.34636904761904763 0.6857421875 0.11901785714285715 0.0899609375
1.0 0.18913690476190476 0.6652734375 0.13035714285714284 0.11109375
1.0 0.31699404761904765 0.3340234375 0.1119345238095238 0.09296875
1.0 0.2841666666666667 0.3979296875 0.07482142857142857 0.0543359375
1.0 0.41874999999999996 0.41703125 0.09241071428571429 0.063125
1.0 0.5517261904761904 0.5755859375 0.10077380952380952 0.065
1.0 0.8133333333333332 0.562421875 0.09375 0.064453125
1.0 0.7708333333333334 0.6178125 0.10104166666666667 0.069375
1.0 0.9235416666666667 0.5146875 0.10967261904761905 0.064453125
1.0 0.7478571428571429 0.5720703125 0.10482142857142857 0.058359375
