1.0 0.3844940476190476 0.705546875 0.11949404761904761 0.0899609375
1.0 0.21857142857142856 0.682109375 0.1344047619047619 0.1134375
1.0 0.3057142857142857 0.3313671875 0.1106845238095238 0.091640625
1.0 0.2706547619047619 0.3930859375 0.07291666666666667 0.05359375
1.0 0.4048511904761905 0.4124609375 0.09160714285714286 0.06265625
1.0 0.5250297619047619 0.5637109375 0.09866071428571428 0.064375
1.0 0.7956249999999999 0.5559765625 0.09279761904761905 0.064453125
1.0 0.7461607142857143 0.6080078125 0.1 0.0685546875
1.0 0.906904761904762 0.50953125 0.10901785714285715 0.0653125
1.0 0.9292559523809525 0.7725390625 0.12794642857142857 0.0824609375
1.0 0.7226190476190476 0.5623828125 0.10315476190476189 0.058125
