1.0 0.42267857142857146 0.7253125 0.11994047619047618 0.0899609375
1.0 0.2480357142857143 0.6989453125 0.13848214285714286 0.11578125
1.0 0.2944047619047619 0.3287109375 0.1094047619047619 0.0902734375
1.0 0.2571428571428572 0.388203125 0.07101190476190476 0.0528515625
1.0 0.3909821428571429 0.407890625 0.09080357142857143 0.0622265625
1.0 0.4983630952380952 0.5518359375 0.09651785714285714 0.0637109375
1.0 0.7779464285714285 0.54953125 0.0918154761904762 0.064453125
1.0 0.7214880952380952 0.598203125 0.09892857142857144 0.0677734375
1.0 0.8902678571428572 0.5044140625 0.10836309523809523 0.066171875
1.0 0.8847321428571429 0.75375 0.12482142857142857 0.0819140625
1.0 0.6973511904761904 0.5526953125 0.10148809523809524 0.057890625
