1.0 0.5477678571428571 0.7920703125 0.13020833333333334 0.10046875
1.0 0.3519047619047619 0.7581640625 0.1525595238095238 0.126953125
1.0 0.10598214285714286 0.679609375 0.10110119047619047 0.0884375
1.0 0.26104166666666667 0.3212109375 0.1056547619047619 0.08453125
1.0 0.21696428571428572 0.373671875 0.06595238095238096 0.0507421875
1.0 0.3493154761904762 0.394140625 0.08842261904761906 0.060859375
1.0 0.41830357142857144 0.5161328125 0.09014880952380952 0.061796875
1.0 0.7248214285714285 0.53015625 0.08892857142857143 0.064453125
1.0 0.6474702380952382 0.568828125 0.09571428571428571 0.0653515625
1.0 0.8421130952380952 0.48828125 0.10604166666666667 0.06796875
1.0 0.7510714285714286 0.69734375 0.11547619047619047 0.0802734375
1.0 0.6215773809523809 0.5236328125 0.09648809523809525 0.0571875
