1.0 0.5716666666666667 0.804375 0.13202380952380952 0.1023828125
1.0 0.36973214285714284 0.7683203125 0.1549702380952381 0.1289453125
1.0 0.11747023809523809 0.6869140625 0.10238095238095238 0.088828125
1.0 0.25589285714285714 0.3203515625 0.10508928571428572 0.0820703125
1.0 0.2105952380952381 0.3712890625 0.0656845238095238 0.0505078125
1.0 0.3424107142857143 0.391875 0.08800595238095238 0.060625
1.0 0.4049702380952381 0.5101953125 0.08910714285714286 0.061484375
1.0 0.715952380952381 0.5269140625 0.08845238095238095 0.064453125
1.0 0.6351190476190476 0.5639453125 0.09517857142857143 0.0649609375
1.0 0.834404761904762 0.48546875 0.10559523809523809 0.068125
1.0 0.7288095238095238 0.6879296875 0.11392857142857143 0.08
1.0 0.6089285714285714 0.5187890625 0.09565476190476191 0.0570703125
