1.0 0.6194642857142857 0.8290234375 0.1355952380952381 0.10625
1.0 0.40541666666666665 0.788671875 0.15979166666666667 0.1329296875
1.0 0.14044642857142856 0.7015625 0.10494047619047618 0.0895703125
1.0 0.245625 0.318671875 0.10395833333333333 0.0772265625
1.0 0.19785714285714287 0.3665625 0.06511904761904762 0.050078125
1.0 0.3285119047619047 0.3873046875 0.08720238095238095 0.0601953125
1.0 0.381547619047619 0.501015625 0.08794642857142858 0.06109375
1.0 0.6988690476190476 0.5208984375 0.0875297619047619 0.06421875
1.0 0.6104464285714286 0.5541015625 0.09413690476190475 0.0641796875
1.0 0.8189285714285715 0.47984375 0.10467261904761906 0.0684375
1.0 0.6842261904761905 0.6691015625 0.11080357142857142 0.079453125
1.0 0.5865476190476191 0.5103125 0.09410714285714286 0.05671875
