1.0 0.6672619047619047 0.8536328125 0.13919642857142858 0.110078125
1.0 0.445 0.81078125 0.16538690476190476 0.1366015625
1.0 0.16580357142857144 0.7179296875 0.10851190476190477 0.09125
1.0 0.23532738095238093 0.3169921875 0.10279761904761904 0.07234375
1.0 0.18511904761904763 0.3618359375 0.06452380952380952 0.049609375
1.0 0.3155059523809524 0.3827734375 0.08607142857142858 0.05984375
1.0 0.35812499999999997 0.4918359375 0.08681547619047619 0.060703125
1.0 0.6824404761904762 0.515390625 0.08663690476190476 0.0637890625
1.0 0.5857738095238095 0.5443359375 0.09306547619047618 0.063359375
1.0 0.8034821428571429 0.47421875 0.1037797619047619 0.06875
1.0 0.6491369047619048 0.6539453125 0.10821428571428571 0.07828125
1.0 0.5671130952380953 0.50296875 0.09273809523809524 0.056171875
