1.0 0.7150892857142858 0.8782421875 0.14279761904761903 0.1139453125
1.0 0.4885416666666667 0.834765625 0.17172619047619048 0.139921875
1.0 0.19351190476190475 0.7361328125 0.1130952380952381 0.09390625
1.0 0.22505952380952382 0.3153125 0.10166666666666666 0.0674609375
1.0 0.17238095238095238 0.357109375 0.06395833333333333 0.0491796875
1.0 0.30333333333333334 0.37828125 0.08458333333333334 0.059609375
1.0 0.3347023809523809 0.4826171875 0.08568452380952381 0.0603515625
1.0 0.6660416666666666 0.50984375 0.08577380952380953 0.0633203125
1.0 0.5641369047619048 0.5358984375 0.09214285714285715 0.0628515625
1.0 0.7879761904761905 0.46859375 0.10288690476190476 0.0690625
1.0 0.6140178571428572 0.6387109375 0.10562500000000001 0.0770703125
1.0 0.9566964285714286 0.5289453125 0.08452380952380951 0.0599609375
1.0 0.5476190476190477 0.495703125 0.09133928571428572 0.0556640625
