1.0 0.7700892857142857 0.9007421875 0.1457142857142857 0.1058203125
1.0 0.5320833333333334 0.8587890625 0.1780654761904762 0.1432421875
1.0 0.22119047619047616 0.754296875 0.11764880952380953 0.0965234375
1.0 0.15967261904761904 0.3523828125 0.06339285714285714 0.0487109375
1.0 0.2911607142857143 0.37375 0.0830952380952381 0.059375
1.0 0.3113095238095238 0.4734765625 0.08452380952380951 0.0599609375
1.0 0.6495833333333333 0.504296875 0.08488095238095238 0.0628515625
1.0 0.5454464285714286 0.5287890625 0.09136904761904761 0.06265625
1.0 0.7725297619047619 0.46296875 0.10199404761904762 0.069375
1.0 0.5789285714285715 0.6235546875 0.10303571428571427 0.075859375
1.0 0.9408928571428571 0.5235546875 0.08452380952380951 0.0595703125
1.0 0.528154761904762 0.4883984375 0.08994047619047618 0.05515625
