1.0 0.7975892857142858 0.9119921875 0.14720238095238095 0.10171875
1.0 0.5538392857142858 0.87078125 0.18125 0.144921875
1.0 0.23505952380952383 0.763359375 0.11994047619047618 0.0978125
1.0 0.15437499999999998 0.350234375 0.0630952380952381 0.048359375
1.0 0.2850595238095238 0.3715234375 0.08232142857142857 0.059296875
1.0 0.30122023809523807 0.4690625 0.08410714285714287 0.0590234375
1.0 0.6413988095238095 0.5015625 0.0844345238095238 0.0626171875
1.0 0.5361309523809523 0.5251953125 0.09101190476190475 0.0625390625
1.0 0.7648214285714287 0.46015625 0.10154761904761904 0.0695703125
1.0 0.5613690476190476 0.6159375 0.10172619047619047 0.0752734375
1.0 0.9330059523809524 0.520859375 0.08452380952380951 0.059375
1.0 0.518422619047619 0.484765625 0.08925595238095238 0.0548828125
