1.0 0.9075595238095238 0.9569921875 0.1530654761904762 0.08546875
1.0 0.6446130952380953 0.9146875 0.19235119047619045 0.1418359375
1.0 0.2949107142857143 0.80171875 0.12678571428571428 0.1038671875
1.0 0.13324404761904762 0.341484375 0.061964285714285715 0.0468359375
1.0 0.2607142857142857 0.3625390625 0.0793452380952381 0.058828125
1.0 0.260952380952381 0.4514453125 0.08238095238095237 0.0552734375
1.0 0.6085119047619048 0.49046875 0.08267857142857143 0.06171875
1.0 0.4988095238095238 0.511015625 0.0894642857142857 0.0620703125
1.0 0.7338988095238095 0.44890625 0.09976190476190477 0.0701953125
1.0 0.4911607142857143 0.5855859375 0.09654761904761903 0.0728515625
1.0 0.9014285714285715 0.510078125 0.08452380952380951 0.0585546875
1.0 0.4794940476190477 0.4701171875 0.08645833333333333 0.053828125
