1.0 0.7210416666666667 0.9385546875 0.19714285714285712 0.1175390625
1.0 0.343125 0.831875 0.13020833333333334 0.1090234375
1.0 0.2424702380952381 0.35578125 0.07711309523809524 0.0584765625
1.0 0.23077380952380955 0.4382421875 0.08110119047619048 0.0524609375
1.0 0.5853273809523809 0.4823828125 0.08166666666666667 0.0609765625
1.0 0.4708333333333333 0.5003125 0.08833333333333333 0.0617578125
1.0 0.7106845238095237 0.4405078125 0.09839285714285714 0.0706640625
1.0 0.43851190476190477 0.5627734375 0.09267857142857143 0.0710546875
1.0 0.8777678571428572 0.5019921875 0.08452380952380951 0.0579296875
1.0 0.45029761904761906 0.4591796875 0.084375 0.053046875
