1.0 0.3944345238095238 0.8619140625 0.13479166666666667 0.1109375
1.0 0.22598214285714288 0.350546875 0.07610119047619048 0.0580859375
1.0 0.20309523809523808 0.4271484375 0.07767857142857143 0.0515234375
1.0 0.5628571428571428 0.4743359375 0.08080357142857142 0.0602734375
1.0 0.4428571428571429 0.4896875 0.08720238095238095 0.06140625
1.0 0.6875 0.4320703125 0.09705357142857143 0.071171875
1.0 0.3922619047619048 0.5416796875 0.08934523809523809 0.0687890625
1.0 0.9180357142857142 0.682421875 0.12032738095238095 0.0805859375
1.0 0.8540773809523811 0.4939453125 0.08452380952380951 0.0573046875
1.0 0.4211011904761905 0.4482421875 0.08229166666666667 0.052265625
1.0 0.9538392857142858 0.5619140625 0.09023809523809524 0.056953125
