1.0 0.4136607142857143 0.8718359375 0.13708333333333333 0.109453125
1.0 0.22047619047619046 0.3487890625 0.07577380952380952 0.05796875
1.0 0.19389880952380953 0.4234375 0.07654761904761904 0.051171875
1.0 0.5553571428571429 0.471640625 0.08053571428571428 0.0600390625
1.0 0.43351190476190476 0.4861328125 0.08681547619047619 0.0612890625
1.0 0.6797619047619048 0.4292578125 0.09660714285714286 0.071328125
1.0 0.3779166666666667 0.534921875 0.08833333333333333 0.06796875
1.0 0.9045238095238096 0.6769921875 0.11955357142857144 0.0801953125
1.0 0.9412797619047618 0.6046484375 0.1130952380952381 0.08546875
1.0 0.8461904761904762 0.49125 0.08452380952380951 0.057109375
1.0 0.41133928571428574 0.444609375 0.08160714285714286 0.05203125
1.0 0.9451190476190476 0.5586328125 0.09023809523809524 0.056953125
