1.0 0.4520535714285714 0.891640625 0.14163690476190477 0.1064453125
1.0 0.2094940476190476 0.3452734375 0.07511904761904761 0.057734375
1.0 0.1754464285714286 0.4160546875 0.07425595238095238 0.050546875
1.0 0.5403571428571429 0.4662890625 0.0799702380952381 0.0595703125
1.0 0.4148809523809524 0.4790234375 0.08604166666666667 0.06109375
1.0 0.6643154761904763 0.4236328125 0.09571428571428571 0.071640625
1.0 0.34925595238095236 0.5214453125 0.08630952380952381 0.0662890625
1.0 0.8775 0.6661328125 0.11803571428571427 0.079453125
1.0 0.9238690476190476 0.59828125 0.11202380952380953 0.0844140625
1.0 0.8304166666666666 0.4858984375 0.08452380952380951 0.05671875
1.0 0.3919047619047619 0.437265625 0.08020833333333333 0.051484375
1.0 0.9277083333333332 0.5520703125 0.09023809523809524 0.056953125
