1.0 0.4712202380952381 0.901484375 0.14392857142857143 0.1049609375
1.0 0.20398809523809525 0.343515625 0.07476190476190477 0.057578125
1.0 0.1662202380952381 0.4123828125 0.07309523809523809 0.050234375
1.0 0.5329166666666667 0.4636328125 0.07967261904761905 0.0593359375
1.0 0.4055357142857143 0.47546875 0.08568452380952381 0.0609765625
1.0 0.6565773809523809 0.4208203125 0.09526785714285714 0.071796875
1.0 0.3349107142857143 0.5146875 0.08529761904761905 0.06546875
1.0 0.8639583333333334 0.6606640625 0.11726190476190476 0.0791015625
1.0 0.9151488095238095 0.5950390625 0.11151785714285714 0.08390625
1.0 0.8225297619047619 0.4831640625 0.08452380952380951 0.056484375
1.0 0.3821428571428572 0.4336328125 0.07952380952380952 0.05125
1.0 0.9189880952380951 0.5487890625 0.09023809523809524 0.056953125
