1.0 0.4903869047619048 0.91140625 0.1462202380952381 0.1034375
1.0 0.19848214285714286 0.341796875 0.07443452380952381 0.0574609375
1.0 0.1580952380952381 0.4095703125 0.0725297619047619 0.0509765625
1.0 0.5254166666666666 0.4609375 0.07940476190476191 0.0591015625
1.0 0.3962202380952381 0.4719140625 0.08529761904761905 0.060859375
1.0 0.6488392857142857 0.4180078125 0.09482142857142857 0.071953125
1.0 0.32056547619047615 0.5079296875 0.08428571428571428 0.0646484375
1.0 0.8504464285714286 0.655234375 0.11651785714285715 0.0787109375
1.0 0.9064583333333334 0.5918359375 0.11098214285714285 0.0833984375
1.0 0.8146130952380952 0.48046875 0.08452380952380951 0.0562890625
1.0 0.37241071428571426 0.4299609375 0.07880952380952382 0.0509765625
1.0 0.9102678571428572 0.5455078125 0.09023809523809524 0.056953125
