1.0 0.5287797619047618 0.9312109375 0.1507738095238095 0.10046875
1.0 0.1875 0.33828125 0.0737797619047619 0.0572265625
1.0 0.1418154761904762 0.4039453125 0.07139880952380952 0.0524609375
1.0 0.5104166666666666 0.455625 0.07880952380952382 0.05859375
1.0 0.3775595238095238 0.4648046875 0.08452380952380951 0.060625
1.0 0.6357440476190477 0.4137890625 0.0943154761904762 0.0712109375
1.0 0.291875 0.494453125 0.08223214285714285 0.06296875
1.0 0.823422619047619 0.644375 0.115 0.07796875
1.0 0.889077380952381 0.58546875 0.10991071428571428 0.08234375
1.0 0.7988392857142858 0.475078125 0.08452380952380951 0.0558984375
1.0 0.35651785714285716 0.424375 0.08023809523809525 0.050390625
1.0 0.8928571428571429 0.5389453125 0.09023809523809524 0.056953125
