1.0 0.17148809523809522 0.3331640625 0.07285714285714286 0.0567578125
1.0 0.48794642857142856 0.447578125 0.07797619047619048 0.057890625
1.0 0.34955357142857146 0.454140625 0.08339285714285714 0.0603125
1.0 0.6161011904761905 0.4074609375 0.09357142857142857 0.070078125
1.0 0.25419642857142855 0.4787109375 0.07880952380952382 0.05921875
1.0 0.7828571428571429 0.628046875 0.11270833333333333 0.0768359375
1.0 0.8629761904761905 0.575859375 0.10833333333333332 0.08078125
1.0 0.7760714285714285 0.4673828125 0.08410714285714287 0.0549609375
1.0 0.3326488095238095 0.416015625 0.08232142857142857 0.04953125
1.0 0.8667261904761906 0.5291015625 0.09023809523809524 0.056953125
