1.0 0.16645833333333332 0.3315625 0.07261904761904761 0.0565625
1.0 0.4804464285714286 0.444921875 0.07767857142857143 0.05765625
1.0 0.34023809523809523 0.4505859375 0.08300595238095239 0.0601953125
1.0 0.6095535714285715 0.4053515625 0.09330357142857143 0.0697265625
1.0 0.24160714285714288 0.4734765625 0.07767857142857143 0.05796875
1.0 0.7693749999999999 0.62265625 0.1119345238095238 0.0764453125
1.0 0.8542559523809523 0.5726171875 0.10782738095238094 0.0802734375
1.0 0.7691071428571429 0.465 0.08369047619047619 0.054453125
1.0 0.3247023809523809 0.413203125 0.08303571428571428 0.0492578125
1.0 0.8580357142857143 0.5258203125 0.09023809523809524 0.056953125
