1.0 0.16145833333333334 0.3299609375 0.07238095238095238 0.056328125
1.0 0.47297619047619044 0.4422265625 0.07738095238095238 0.057421875
1.0 0.33089285714285716 0.44703125 0.08261904761904762 0.060078125
1.0 0.6029761904761904 0.4032421875 0.09306547619047618 0.0693359375
1.0 0.22904761904761903 0.468203125 0.07654761904761904 0.05671875
1.0 0.7558333333333334 0.6172265625 0.11119047619047619 0.07609375
1.0 0.8455654761904763 0.569453125 0.10729166666666666 0.079765625
1.0 0.7621130952380952 0.46265625 0.08327380952380953 0.053984375
1.0 0.3167559523809524 0.4104296875 0.08375 0.0489453125
1.0 0.8493154761904762 0.522578125 0.09023809523809524 0.056953125
