1.0 0.14639880952380951 0.32515625 0.07163690476190476 0.055703125
1.0 0.45050595238095237 0.43421875 0.07654761904761904 0.05671875
1.0 0.3067559523809524 0.437421875 0.07988095238095239 0.0596484375
1.0 0.5833333333333334 0.3969140625 0.09232142857142857 0.068203125
1.0 0.1935714285714286 0.4535546875 0.07392857142857143 0.0550390625
1.0 0.7152678571428572 0.6009375 0.10889880952380954 0.0749609375
1.0 0.8194940476190476 0.55984375 0.10571428571428572 0.078203125
1.0 0.7411607142857143 0.4555859375 0.08199404761904762 0.0524609375
1.0 0.2945238095238095 0.40203125 0.0825595238095238 0.0480859375
1.0 0.9260119047619048 0.6453515625 0.08580357142857142 0.0711328125
1.0 0.8231845238095238 0.512734375 0.09023809523809524 0.056953125
