1.0 0.05970238095238095 0.64515625 0.09767857142857143 0.1064453125
1.0 0.14136904761904762 0.3235546875 0.07139880952380952 0.05546875
1.0 0.44300595238095236 0.4315625 0.07625 0.0564453125
1.0 0.299375 0.434375 0.0786904761904762 0.0594921875
1.0 0.5768154761904762 0.3948046875 0.09205357142857143 0.0678515625
1.0 0.18208333333333332 0.448828125 0.07318452380952381 0.05484375
1.0 0.7017857142857143 0.59546875 0.108125 0.0745703125
1.0 0.8107738095238096 0.556640625 0.10517857142857144 0.07765625
1.0 0.7341964285714285 0.453203125 0.08157738095238096 0.051953125
1.0 0.28741071428571424 0.39921875 0.08160714285714286 0.0478125
1.0 0.9134821428571429 0.640625 0.08532738095238096 0.070703125
1.0 0.8144642857142858 0.509453125 0.09023809523809524 0.056953125
