1.0 0.08339285714285714 0.6612109375 0.10110119047619047 0.1052734375
1.0 0.4291964285714286 0.426484375 0.075625 0.05609375
1.0 0.2845535714285714 0.428359375 0.0763392857142857 0.0591796875
1.0 0.5636904761904762 0.3905859375 0.09154761904761906 0.067109375
1.0 0.15916666666666665 0.4394140625 0.07172619047619049 0.0544140625
1.0 0.6747321428571429 0.584609375 0.10660714285714286 0.073828125
1.0 0.7933630952380952 0.550234375 0.10413690476190476 0.076640625
1.0 0.7202380952380952 0.4484765625 0.08071428571428571 0.0509765625
1.0 0.2731547619047619 0.3936328125 0.07970238095238096 0.0472265625
1.0 0.8885119047619048 0.63109375 0.08431547619047619 0.06984375
1.0 0.799345238095238 0.5041796875 0.08991071428571429 0.0566796875
