1.0 0.10705357142857143 0.6773046875 0.10452380952380952 0.1041015625
1.0 0.4165178571428571 0.4217578125 0.0749702380952381 0.0558984375
1.0 0.26976190476190476 0.4223046875 0.07395833333333333 0.058828125
1.0 0.5505952380952381 0.3863671875 0.09107142857142858 0.066328125
1.0 0.13625 0.43 0.07023809523809524 0.053984375
1.0 0.6476785714285714 0.57375 0.10508928571428572 0.0730859375
1.0 0.7760119047619047 0.5438671875 0.1030654761904762 0.0755859375
1.0 0.7062797619047619 0.4437890625 0.07988095238095239 0.0499609375
1.0 0.2588988095238095 0.388046875 0.07779761904761905 0.046640625
1.0 0.8635416666666667 0.6215625 0.08330357142857142 0.0690234375
1.0 0.9383928571428571 0.7388671875 0.12107142857142857 0.0839453125
1.0 0.7842261904761905 0.498984375 0.08955357142857143 0.0563671875
