1.0 0.11889880952380953 0.6853125 0.10622023809523809 0.103515625
1.0 0.4101785714285714 0.419375 0.07464285714285714 0.05578125
1.0 0.2623511904761905 0.419296875 0.07276785714285713 0.058671875
1.0 0.5440476190476191 0.3842578125 0.09080357142857143 0.0659765625
1.0 0.6341964285714285 0.5683203125 0.10431547619047618 0.0726953125
1.0 0.7672916666666667 0.5406640625 0.10252976190476192 0.075078125
1.0 0.6992857142857143 0.44140625 0.07946428571428571 0.0494921875
1.0 0.2517857142857143 0.385234375 0.076875 0.0463671875
1.0 0.8510119047619048 0.6168359375 0.08282738095238094 0.06859375
1.0 0.9205059523809525 0.7311328125 0.12056547619047618 0.083671875
1.0 0.7766369047619047 0.496328125 0.08937500000000001 0.0562109375
