1.0 0.1544047619047619 0.709453125 0.11136904761904762 0.101796875
1.0 0.3911607142857143 0.412265625 0.0736904761904762 0.05546875
1.0 0.24011904761904765 0.4101953125 0.06922619047619048 0.058203125
1.0 0.524375 0.3779296875 0.09005952380952381 0.06484375
1.0 0.5964880952380952 0.5531640625 0.10202380952380953 0.071484375
1.0 0.7411904761904762 0.5310546875 0.10095238095238096 0.073515625
1.0 0.6783333333333333 0.4343359375 0.07818452380952381 0.04796875
1.0 0.23038690476190476 0.3768359375 0.07401785714285715 0.0455078125
1.0 0.8135416666666667 0.602578125 0.0813095238095238 0.06734375
1.0 0.866875 0.708046875 0.11895833333333333 0.0827734375
1.0 0.7539285714285714 0.4884765625 0.08886904761904761 0.05578125
