1.0 0.1662202380952381 0.7174609375 0.1130952380952381 0.1012109375
1.0 0.3848214285714286 0.4098828125 0.07336309523809523 0.0553515625
1.0 0.23273809523809524 0.4071875 0.06803571428571428 0.058046875
1.0 0.517827380952381 0.3758203125 0.08982142857142857 0.064453125
1.0 0.5858035714285714 0.54890625 0.10125 0.071015625
1.0 0.7325 0.5278125 0.10044642857142858 0.0730078125
1.0 0.6713690476190477 0.431953125 0.07776785714285714 0.0474609375
1.0 0.2232738095238095 0.3740625 0.0730654761904762 0.0451953125
1.0 0.8010714285714287 0.5978125 0.08080357142857142 0.0669140625
1.0 0.8489880952380953 0.7003515625 0.11842261904761904 0.0825
1.0 0.7463690476190477 0.4858203125 0.0886904761904762 0.055625
