1.0 0.20886904761904765 0.743046875 0.11955357142857144 0.1089453125
1.0 0.36583333333333334 0.402734375 0.07238095238095238 0.0550390625
1.0 0.21160714285714283 0.3984765625 0.06514880952380953 0.0574609375
1.0 0.49818452380952377 0.3694921875 0.08904761904761906 0.063359375
1.0 0.5538095238095239 0.5361328125 0.09889880952380951 0.069609375
1.0 0.7078571428571429 0.518828125 0.09901785714285716 0.071796875
1.0 0.6504166666666666 0.42484375 0.07648809523809523 0.0459765625
1.0 0.201875 0.3656640625 0.07023809523809524 0.0443359375
1.0 0.7635714285714286 0.5835546875 0.07931547619047619 0.065625
1.0 0.7952976190476191 0.677265625 0.11684523809523809 0.0816015625
1.0 0.7236904761904762 0.47796875 0.08818452380952381 0.05515625
