1.0 0.2941666666666667 0.794296875 0.1325 0.124453125
1.0 0.32779761904761906 0.388515625 0.07041666666666667 0.0544140625
1.0 0.1738095238095238 0.382578125 0.061964285714285715 0.055859375
1.0 0.4588690476190476 0.3568359375 0.08755952380952381 0.06109375
1.0 0.4897619047619048 0.510546875 0.09419642857142857 0.0667578125
1.0 0.6642559523809524 0.5031640625 0.09687499999999999 0.07078125
1.0 0.6085416666666666 0.410703125 0.07395833333333333 0.04296875
1.0 0.16154761904761905 0.3494140625 0.06517857142857142 0.041875
1.0 0.6947321428571429 0.5571484375 0.07595238095238095 0.0646484375
1.0 0.7007738095238095 0.6393359375 0.11187500000000002 0.0790625
1.0 0.937767857142857 0.508671875 0.10818452380952381 0.0717578125
1.0 0.6782440476190476 0.4622265625 0.08714285714285715 0.0542578125
1.0 0.9207440476190476 0.5709765625 0.09357142857142857 0.073125
