1.0 0.31083333333333335 0.8040234375 0.13479166666666667 0.1253515625
1.0 0.32145833333333335 0.3861328125 0.07008928571428572 0.054296875
1.0 0.1675 0.379921875 0.06142857142857143 0.0555859375
1.0 0.4523511904761905 0.354765625 0.08732142857142858 0.060703125
1.0 0.47910714285714284 0.5062890625 0.09342261904761905 0.0662890625
1.0 0.6569940476190477 0.500546875 0.09651785714285714 0.0705859375
1.0 0.6015476190476191 0.408359375 0.07354166666666667 0.0425
1.0 0.15520833333333334 0.346796875 0.06446428571428571 0.041328125
1.0 0.6834821428571429 0.5528515625 0.07538690476190475 0.06453125
1.0 0.6849999999999999 0.6330078125 0.11107142857142857 0.078671875
1.0 0.9297023809523809 0.506328125 0.10785714285714286 0.0715625
1.0 0.6706845238095238 0.459609375 0.08699404761904762 0.054140625
1.0 0.909702380952381 0.567265625 0.09392857142857143 0.073046875
