1.0 0.3275297619047619 0.8137890625 0.13708333333333333 0.12625
1.0 0.31511904761904763 0.38375 0.06976190476190476 0.0541796875
1.0 0.1611904761904762 0.377265625 0.060892857142857144 0.0553125
1.0 0.4458035714285714 0.35265625 0.08705357142857142 0.0603515625
1.0 0.468422619047619 0.50203125 0.09264880952380952 0.0658203125
1.0 0.6497321428571429 0.4979296875 0.0961607142857143 0.0704296875
1.0 0.5945833333333334 0.406015625 0.07309523809523809 0.0419921875
1.0 0.14889880952380952 0.344140625 0.0637202380952381 0.04078125
1.0 0.6722023809523809 0.548515625 0.07482142857142857 0.0644140625
1.0 0.6692559523809524 0.6266796875 0.11023809523809523 0.0782421875
1.0 0.921607142857143 0.5040234375 0.1075297619047619 0.0713671875
1.0 0.6630952380952382 0.4569921875 0.08681547619047619 0.053984375
1.0 0.8986904761904762 0.5635546875 0.09425595238095238 0.0729296875
