1.0 0.34419642857142857 0.823515625 0.1393452380952381 0.1271484375
1.0 0.3087797619047619 0.38140625 0.06943452380952381 0.0540625
1.0 0.15488095238095237 0.374609375 0.06038690476190476 0.0550390625
1.0 0.4392261904761905 0.350546875 0.08681547619047619 0.0599609375
1.0 0.4577380952380953 0.4977734375 0.091875 0.0653515625
1.0 0.6424702380952381 0.4953125 0.09577380952380952 0.070234375
1.0 0.5889285714285715 0.404140625 0.07288690476190476 0.041953125
1.0 0.1425595238095238 0.3415234375 0.06297619047619048 0.0402734375
1.0 0.6609226190476191 0.5441796875 0.07425595238095238 0.064296875
1.0 0.6534821428571428 0.6203515625 0.1094047619047619 0.0778125
1.0 0.9135416666666666 0.50171875 0.10720238095238097 0.071171875
1.0 0.6573809523809524 0.4546875 0.08642857142857142 0.053828125
1.0 0.8876190476190476 0.5598046875 0.09461309523809523 0.0728125
