1.0 0.4506547619047619 0.8888671875 0.15437499999999998 0.134921875
1.0 0.09526785714285714 0.497265625 0.08080357142857142 0.070078125
1.0 0.2751190476190476 0.368671875 0.068125 0.0531640625
1.0 0.40619047619047616 0.34015625 0.08470238095238096 0.058046875
1.0 0.3959821428571429 0.473125 0.08717261904761904 0.0626171875
1.0 0.5988988095238095 0.4796484375 0.09363095238095238 0.06921875
1.0 0.554970238095238 0.3930859375 0.07151785714285715 0.0418359375
1.0 0.5951488095238096 0.518984375 0.07098214285714285 0.06328125
1.0 0.5630952380952381 0.5830078125 0.10351190476190476 0.0740625
1.0 0.8651190476190477 0.487890625 0.10520833333333333 0.07
1.0 0.6229166666666667 0.4409765625 0.08410714285714287 0.0529296875
1.0 0.8245535714285714 0.53796875 0.09669642857142857 0.0721875
1.0 0.901904761904762 0.532734375 0.10764880952380954 0.071171875
