1.0 0.5253571428571429 0.9291015625 0.16312500000000002 0.131328125
1.0 0.14339285714285716 0.5195703125 0.0799702380952381 0.068203125
1.0 0.2532738095238095 0.360390625 0.06732142857142857 0.0525
1.0 0.3841666666666667 0.333203125 0.08327380952380953 0.0567578125
1.0 0.36220238095238094 0.459609375 0.08404761904761904 0.06125
1.0 0.5698511904761905 0.4691796875 0.09220238095238095 0.0685546875
1.0 0.5323214285714286 0.385703125 0.07062500000000001 0.0417578125
1.0 0.5574404761904762 0.5045703125 0.06931547619047619 0.061484375
1.0 0.5041964285714285 0.558359375 0.09928571428571428 0.071171875
1.0 0.8367261904761905 0.4786328125 0.10389880952380952 0.06921875
1.0 0.5999404761904762 0.4318359375 0.08252976190476191 0.05234375
1.0 0.7846130952380952 0.5237109375 0.0980654761904762 0.0717578125
1.0 0.8667261904761906 0.519609375 0.10693452380952381 0.069296875
1.0 0.8788392857142858 0.760859375 0.12380952380952381 0.0772265625
