1.0 0.2293452380952381 0.5625 0.09136904761904761 0.0768359375
1.0 0.22050595238095239 0.34796875 0.06613095238095237 0.0515234375
1.0 0.3511011904761905 0.3228125 0.08116071428571428 0.05484375
1.0 0.31157738095238097 0.439375 0.07940476190476191 0.05921875
1.0 0.5263095238095238 0.453515625 0.09005952380952381 0.0675
1.0 0.4983928571428572 0.3746484375 0.06928571428571428 0.041640625
1.0 0.500922619047619 0.4830078125 0.06681547619047619 0.058828125
1.0 0.4261309523809524 0.525 0.09217261904761904 0.06578125
1.0 0.7961904761904761 0.4648046875 0.10190476190476191 0.0680078125
1.0 0.5654464285714286 0.418125 0.08020833333333333 0.05140625
1.0 0.7257440476190476 0.5028515625 0.10014880952380951 0.07109375
1.0 0.8162499999999999 0.50078125 0.10458333333333333 0.0673828125
1.0 0.7619940476190475 0.7105078125 0.11559523809523811 0.0726953125
