1.0 0.25797619047619047 0.576796875 0.09517857142857143 0.0797265625
1.0 0.20958333333333334 0.343828125 0.06574404761904762 0.0512109375
1.0 0.3401190476190476 0.319375 0.08044642857142857 0.0541796875
1.0 0.29470238095238094 0.4326171875 0.07782738095238095 0.0585546875
1.0 0.5117857142857143 0.44828125 0.0893154761904762 0.0671875
1.0 0.4870535714285714 0.3709375 0.0688095238095238 0.0416015625
1.0 0.4820833333333333 0.475859375 0.06598214285714286 0.05796875
1.0 0.40080357142857137 0.514140625 0.08973214285714286 0.06390625
1.0 0.7826785714285714 0.4601953125 0.10125 0.0676171875
1.0 0.5539285714285714 0.4135546875 0.07943452380952382 0.0511328125
1.0 0.7064880952380952 0.4960546875 0.10083333333333334 0.0708984375
1.0 0.8008928571428572 0.4950390625 0.10291666666666666 0.0673046875
1.0 0.7230357142857142 0.6937109375 0.11285714285714286 0.0712109375
1.0 0.9135119047619048 0.7266015625 0.1305059523809524 0.099453125
