1.0 0.31529761904761905 0.605390625 0.10279761904761904 0.08546875
1.0 0.18770833333333334 0.335546875 0.06494047619047619 0.050546875
1.0 0.3185714285714286 0.3128125 0.07892857142857143 0.052734375
1.0 0.260952380952381 0.4191015625 0.07470238095238095 0.0571875
1.0 0.4827380952380952 0.4378125 0.08788690476190476 0.066484375
1.0 0.4644345238095238 0.36359375 0.06791666666666667 0.0415234375
1.0 0.444375 0.4614453125 0.0643452380952381 0.056171875
1.0 0.3561904761904762 0.49515625 0.08636904761904762 0.0619140625
1.0 0.7556547619047619 0.4509375 0.09991071428571428 0.0668359375
1.0 0.530952380952381 0.4044140625 0.07788690476190477 0.0505078125
1.0 0.6679761904761905 0.4824609375 0.10223214285714285 0.07046875
1.0 0.7701785714285714 0.4836328125 0.09964285714285713 0.0671484375
1.0 0.6451190476190476 0.6601171875 0.10738095238095238 0.068203125
1.0 0.8436607142857143 0.69859375 0.12708333333333335 0.09546875
