1.0 0.3325297619047619 0.614140625 0.10452380952380952 0.08546875
1.0 0.05229166666666667 0.475703125 0.08166666666666667 0.07796875
1.0 0.18226190476190476 0.3334765625 0.06473214285714286 0.050390625
1.0 0.31357142857142856 0.31140625 0.07845238095238095 0.0522265625
1.0 0.2525297619047619 0.4157421875 0.07392857142857143 0.0568359375
1.0 0.47547619047619044 0.435234375 0.0875297619047619 0.066328125
1.0 0.45874999999999994 0.36171875 0.06770833333333333 0.041484375
1.0 0.4349702380952381 0.457890625 0.06392857142857143 0.0557421875
1.0 0.3455654761904762 0.4905859375 0.08562499999999999 0.0615625
1.0 0.7488988095238095 0.4486328125 0.09958333333333333 0.066640625
1.0 0.5252380952380952 0.402109375 0.0775 0.050390625
1.0 0.6591071428571429 0.480234375 0.09824404761904762 0.068984375
1.0 0.7625 0.48078125 0.09880952380952382 0.067109375
1.0 0.6256547619047619 0.6517578125 0.10601190476190475 0.0674609375
1.0 0.8261904761904763 0.6916015625 0.12622023809523808 0.094453125
