1.0 0.3669642857142857 0.631640625 0.10794642857142858 0.08546875
1.0 0.07607142857142857 0.4876953125 0.08294642857142857 0.07796875
1.0 0.17148809523809522 0.3296484375 0.0630952380952381 0.048203125
1.0 0.3036011904761905 0.308671875 0.0775 0.0512109375
1.0 0.23565476190476192 0.408984375 0.07238095238095238 0.056171875
1.0 0.46092261904761905 0.4299609375 0.08681547619047619 0.0659765625
1.0 0.44747023809523806 0.358046875 0.06723214285714285 0.041484375
1.0 0.4161011904761905 0.4506640625 0.0630952380952381 0.05484375
1.0 0.3242559523809524 0.4815625 0.08419642857142857 0.060859375
1.0 0.7353571428571429 0.4440234375 0.09892857142857144 0.06625
1.0 0.51375 0.3975390625 0.07672619047619048 0.050078125
1.0 0.6400595238095238 0.4728515625 0.09541666666666668 0.066796875
1.0 0.7471428571428571 0.475078125 0.09717261904761905 0.0669921875
1.0 0.5866964285714286 0.634921875 0.10327380952380953 0.0659765625
1.0 0.79125 0.6776171875 0.12452380952380954 0.0924609375
