1.0 0.4186904761904762 0.657890625 0.1130952380952381 0.08546875
1.0 0.11172619047619048 0.505703125 0.08488095238095238 0.07796875
1.0 0.15550595238095238 0.324375 0.05883928571428571 0.0421875
1.0 0.2113690476190476 0.399296875 0.07050595238095239 0.055234375
1.0 0.4422916666666667 0.423515625 0.08622023809523809 0.0651953125
1.0 0.43047619047619046 0.3525 0.06657738095238096 0.04140625
1.0 0.3896726190476191 0.440546875 0.06208333333333333 0.053671875
1.0 0.29232142857142857 0.4680078125 0.08202380952380953 0.0598046875
1.0 0.7150892857142858 0.4370703125 0.09794642857142856 0.0656640625
1.0 0.49648809523809523 0.390703125 0.07553571428571429 0.049609375
1.0 0.6114880952380952 0.461796875 0.09122023809523809 0.063515625
1.0 0.7241071428571428 0.4665234375 0.09467261904761905 0.066875
1.0 0.532529761904762 0.6114453125 0.09994047619047619 0.064140625
1.0 0.7388690476190476 0.656640625 0.12193452380952381 0.089453125
