1.0 0.4388988095238095 0.6673828125 0.11446428571428571 0.0862109375
1.0 0.12360119047619048 0.51171875 0.08553571428571428 0.07796875
1.0 0.15020833333333333 0.3226171875 0.05741071428571428 0.04015625
1.0 0.20398809523809525 0.396328125 0.07017857142857142 0.0549609375
1.0 0.4361011904761905 0.4213671875 0.08601190476190476 0.064921875
1.0 0.42482142857142857 0.3506640625 0.06633928571428571 0.04140625
1.0 0.38205357142857144 0.43765625 0.06193452380952381 0.0533984375
1.0 0.28169642857142857 0.4634765625 0.0812797619047619 0.059453125
1.0 0.7083333333333334 0.4348046875 0.0976190476190476 0.06546875
1.0 0.49074404761904755 0.3884375 0.07517857142857143 0.0494921875
1.0 0.6019642857142857 0.458125 0.08982142857142857 0.062421875
1.0 0.7164285714285714 0.463671875 0.09386904761904762 0.0668359375
1.0 0.5173214285714286 0.604765625 0.099375 0.063828125
1.0 0.7213690476190476 0.649609375 0.12107142857142857 0.0884375
