1.0 0.49955357142857143 0.6959375 0.11857142857142858 0.0884375
1.0 0.1612797619047619 0.5308203125 0.0881547619047619 0.079453125
1.0 0.1342559523809524 0.31734375 0.053125000000000006 0.0341015625
1.0 0.1818154761904762 0.3874609375 0.06922619047619048 0.05421875
1.0 0.41747023809523814 0.414921875 0.08541666666666667 0.064140625
1.0 0.40782738095238097 0.3451171875 0.0656547619047619 0.041328125
1.0 0.3593154761904762 0.4288671875 0.06142857142857143 0.0525390625
1.0 0.24976190476190477 0.449921875 0.07910714285714285 0.0584375
1.0 0.6880654761904762 0.4278515625 0.09660714285714286 0.06484375
1.0 0.47351190476190474 0.3815625 0.07398809523809524 0.0490234375
1.0 0.5733630952380953 0.4470703125 0.08562499999999999 0.059140625
1.0 0.6933928571428571 0.4551171875 0.09136904761904761 0.06671875
1.0 0.4716666666666666 0.5846875 0.09767857142857143 0.0628515625
1.0 0.6716964285714285 0.6290625 0.11863095238095238 0.0871875
