1.0 0.5602083333333333 0.72453125 0.12267857142857143 0.090703125
1.0 0.2029166666666667 0.5521875 0.09223214285714285 0.0839453125
1.0 0.15961309523809525 0.37859375 0.06827380952380953 0.0534765625
1.0 0.3988392857142857 0.4084765625 0.08482142857142858 0.063359375
1.0 0.39086309523809526 0.339609375 0.065 0.04125
1.0 0.33654761904761904 0.420078125 0.06095238095238095 0.0516796875
1.0 0.2194642857142857 0.436875 0.07729166666666666 0.0578515625
1.0 0.6684523809523809 0.42125 0.09565476190476191 0.0638671875
1.0 0.4574404761904762 0.3752734375 0.07282738095238095 0.04859375
1.0 0.54625 0.4370703125 0.08244047619047619 0.056953125
1.0 0.6720833333333334 0.4483984375 0.0900297619047619 0.0661328125
1.0 0.4260119047619047 0.5645703125 0.09595238095238096 0.0619140625
1.0 0.6219940476190476 0.6084765625 0.11619047619047619 0.0858984375
