1.0 0.5804166666666667 0.7340625 0.12404761904761905 0.0914453125
1.0 0.21681547619047617 0.559296875 0.09360119047619048 0.08546875
1.0 0.15223214285714284 0.375625 0.06797619047619048 0.053203125
1.0 0.39264880952380954 0.406328125 0.08464285714285714 0.0630859375
1.0 0.3852083333333334 0.3377734375 0.06476190476190477 0.04125
1.0 0.32895833333333335 0.4171484375 0.06077380952380953 0.05140625
1.0 0.21044642857142856 0.4328125 0.0769047619047619 0.0580078125
1.0 0.6623511904761905 0.4192578125 0.09535714285714285 0.06328125
1.0 0.45282738095238095 0.3735546875 0.0724404761904762 0.0484375
1.0 0.5382142857142858 0.434375 0.08205357142857143 0.056953125
1.0 0.6649702380952381 0.446171875 0.08958333333333333 0.0659375
1.0 0.41077380952380954 0.557890625 0.09538690476190476 0.0615625
1.0 0.6054166666666666 0.601640625 0.11535714285714285 0.08546875
