1.0 0.600625 0.7435546875 0.12541666666666668 0.0921875
1.0 0.2306845238095238 0.56640625 0.09494047619047619 0.086953125
1.0 0.14696428571428571 0.3737109375 0.06476190476190477 0.053203125
1.0 0.38642857142857145 0.4041796875 0.0844345238095238 0.0628515625
1.0 0.37955357142857143 0.3358984375 0.06452380952380952 0.04125
1.0 0.3213690476190476 0.41421875 0.060625000000000005 0.0511328125
1.0 0.20142857142857146 0.428828125 0.07648809523809523 0.058125
1.0 0.6562202380952381 0.417265625 0.09505952380952382 0.0626953125
1.0 0.4482142857142857 0.3718359375 0.07205357142857143 0.04828125
1.0 0.5301488095238095 0.43171875 0.08166666666666667 0.056953125
1.0 0.6578273809523809 0.4439453125 0.08913690476190476 0.0657421875
1.0 0.39559523809523806 0.5512109375 0.09482142857142857 0.06125
1.0 0.5908630952380952 0.59578125 0.1143452380952381 0.08484375
