1.0 0.7122321428571429 0.7984375 0.14050595238095237 0.1026953125
1.0 0.3064285714285714 0.6068359375 0.10648809523809524 0.0928515625
1.0 0.06541666666666666 0.5371875 0.08053571428571428 0.080078125
1.0 0.35541666666666666 0.3934375 0.08345238095238094 0.0615234375
1.0 0.35464285714285715 0.328203125 0.06422619047619046 0.039140625
1.0 0.28342261904761906 0.3995703125 0.059821428571428574 0.0496875
1.0 0.15636904761904763 0.408828125 0.07452380952380952 0.058828125
1.0 0.6257142857142858 0.407265625 0.09360119047619048 0.059765625
1.0 0.42520833333333335 0.36328125 0.07011904761904761 0.0475390625
1.0 0.48985119047619047 0.4183984375 0.07976190476190477 0.056953125
1.0 0.6223214285714286 0.4328125 0.08687500000000001 0.0647265625
1.0 0.32300595238095237 0.5190625 0.0905952380952381 0.059375
1.0 0.5180654761904762 0.5665625 0.10919642857142857 0.081875
