1.0 0.7807738095238095 0.832421875 0.1507738095238095 0.11
1.0 0.3544047619047619 0.6330078125 0.11529761904761905 0.0957421875
1.0 0.09970238095238096 0.5562890625 0.08395833333333333 0.0809765625
1.0 0.3367857142857143 0.386953125 0.08282738095238094 0.0607421875
1.0 0.339702380952381 0.32359375 0.06404761904761905 0.037890625
1.0 0.26068452380952384 0.39078125 0.05931547619047619 0.048828125
1.0 0.13410714285714287 0.3988671875 0.0699702380952381 0.05921875
1.0 0.6074404761904761 0.4012890625 0.09270833333333332 0.0580078125
1.0 0.41136904761904763 0.358125 0.06895833333333334 0.0470703125
1.0 0.46687500000000004 0.410078125 0.07845238095238095 0.0562890625
1.0 0.6009821428571429 0.4261328125 0.08553571428571428 0.064140625
1.0 0.28788690476190476 0.5028515625 0.08476190476190476 0.057578125
1.0 0.47437499999999994 0.5490234375 0.10613095238095237 0.080078125
1.0 0.923422619047619 0.675625 0.11 0.071484375
