1.0 0.830595238095238 0.8555859375 0.15220238095238095 0.1135546875
1.0 0.390297619047619 0.6508984375 0.11958333333333333 0.0980078125
1.0 0.1225297619047619 0.5690625 0.08625000000000001 0.0815625
1.0 0.32434523809523813 0.38265625 0.08244047619047619 0.060234375
1.0 0.3304761904761905 0.3209375 0.06425595238095239 0.03828125
1.0 0.24550595238095235 0.384921875 0.05898809523809524 0.04828125
1.0 0.5952380952380952 0.3973046875 0.09214285714285715 0.0568359375
1.0 0.40217261904761903 0.3547265625 0.0681845238095238 0.046796875
1.0 0.45196428571428576 0.404453125 0.0775297619047619 0.055625
1.0 0.5867559523809524 0.4216796875 0.08461309523809524 0.06375
1.0 0.2644642857142857 0.4920703125 0.08086309523809525 0.0563671875
1.0 0.4473214285714286 0.5379296875 0.10422619047619049 0.078671875
1.0 0.8991964285714286 0.6661328125 0.10839285714285715 0.07046875
1.0 0.9281250000000001 0.7216015625 0.1256547619047619 0.1034375
