1.0 0.8576190476190477 0.8673828125 0.15020833333333333 0.1146875
1.0 0.4102083333333334 0.660078125 0.12092261904761906 0.099296875
1.0 0.13395833333333332 0.5754296875 0.08738095238095238 0.081875
1.0 0.31815476190476194 0.3805078125 0.08223214285714285 0.0599609375
1.0 0.32625000000000004 0.31984375 0.06452380952380952 0.0391015625
1.0 0.23791666666666667 0.38203125 0.05883928571428571 0.04796875
1.0 0.5891369047619047 0.3953125 0.09184523809523809 0.05625
1.0 0.3975892857142857 0.3530078125 0.06779761904761905 0.046640625
1.0 0.44452380952380954 0.4016015625 0.07705357142857143 0.0552734375
1.0 0.5796428571428571 0.419453125 0.08416666666666667 0.0635546875
1.0 0.25276785714285716 0.4866796875 0.07892857142857143 0.05578125
1.0 0.43485119047619053 0.53265625 0.10333333333333333 0.0778515625
1.0 0.8870535714285714 0.66140625 0.10755952380952381 0.0699609375
1.0 0.9100595238095237 0.7144140625 0.12383928571428571 0.10265625
