1.0 0.9273809523809524 0.9 0.12526785714285715 0.111953125
1.0 0.4698511904761905 0.6876171875 0.1249702380952381 0.1031640625
1.0 0.1707440476190476 0.5956640625 0.0912797619047619 0.083828125
1.0 0.30220238095238094 0.3746484375 0.08080357142857142 0.059140625
1.0 0.3130357142857143 0.3158984375 0.064375 0.0401953125
1.0 0.2193452380952381 0.3752734375 0.05741071428571428 0.04796875
1.0 0.5708035714285714 0.389296875 0.09095238095238095 0.0544921875
1.0 0.384077380952381 0.348046875 0.06714285714285714 0.046328125
1.0 0.42217261904761905 0.393125 0.0756547619047619 0.0542578125
1.0 0.5583035714285715 0.412734375 0.08282738095238094 0.06296875
1.0 0.21761904761904763 0.47046875 0.07309523809523809 0.053984375
1.0 0.3974107142857143 0.5169140625 0.10068452380952381 0.0754296875
1.0 0.8506845238095238 0.647109375 0.10514880952380952 0.0684765625
1.0 0.855952380952381 0.6927734375 0.11839285714285715 0.1001953125
