1.0 0.9431845238095239 0.908984375 0.10431547619047618 0.106953125
1.0 0.4897321428571429 0.6967578125 0.1263392857142857 0.104453125
1.0 0.18470238095238095 0.6031640625 0.09291666666666666 0.0851953125
1.0 0.296875 0.3726953125 0.08032738095238094 0.0588671875
1.0 0.30854166666666666 0.3144921875 0.06416666666666666 0.0403515625
1.0 0.2131845238095238 0.3730078125 0.05693452380952381 0.04796875
1.0 0.564702380952381 0.3873046875 0.0906547619047619 0.05390625
1.0 0.37964285714285717 0.34640625 0.06702380952380953 0.0462109375
1.0 0.4147321428571428 0.3903125 0.07517857142857143 0.05390625
1.0 0.5517857142857143 0.410546875 0.0824107142857143 0.0627734375
1.0 0.20651785714285714 0.4653125 0.07258928571428572 0.0530859375
1.0 0.3849404761904762 0.5116796875 0.09982142857142857 0.074609375
1.0 0.8385714285714285 0.6423828125 0.1043452380952381 0.06796875
1.0 0.8378869047619046 0.685546875 0.11657738095238096 0.099375
