1.0 0.9589880952380954 0.9180078125 0.08339285714285714 0.101953125
1.0 0.5096130952380952 0.7059375 0.12767857142857142 0.10578125
1.0 0.19863095238095235 0.610625 0.09452380952380952 0.0865625
1.0 0.29154761904761906 0.3707421875 0.07985119047619046 0.05859375
1.0 0.304047619047619 0.313046875 0.06392857142857143 0.0405078125
1.0 0.2069940476190476 0.37078125 0.05648809523809524 0.04796875
1.0 0.5586011904761905 0.3853125 0.09035714285714286 0.0533203125
1.0 0.3752083333333333 0.344765625 0.06687499999999999 0.0461328125
1.0 0.40726190476190477 0.3874609375 0.07470238095238095 0.0535546875
1.0 0.5452380952380952 0.408359375 0.08202380952380953 0.062578125
1.0 0.19541666666666666 0.460078125 0.07205357142857143 0.0522265625
1.0 0.3724404761904762 0.5064453125 0.09892857142857144 0.073828125
1.0 0.8264285714285714 0.63765625 0.10351190476190476 0.0674609375
1.0 0.8198511904761906 0.678359375 0.11476190476190477 0.09859375
