1.0 0.6125 0.754140625 0.1356845238095238 0.1130859375
1.0 0.26836309523809526 0.648125 0.10261904761904761 0.0934375
1.0 0.26494047619047617 0.3609765625 0.07744047619047618 0.0571875
1.0 0.2816071428571429 0.3059375 0.06282738095238095 0.04125
1.0 0.1761011904761905 0.35953125 0.05413690476190477 0.04796875
1.0 0.5341071428571429 0.3778125 0.08994047619047618 0.0537109375
1.0 0.35297619047619044 0.336640625 0.06625 0.0457421875
1.0 0.37297619047619046 0.3758984375 0.07273809523809524 0.053203125
1.0 0.512529761904762 0.3973828125 0.08002976190476191 0.061640625
1.0 0.31005952380952384 0.4801953125 0.09455357142857143 0.069765625
1.0 0.7658333333333334 0.61390625 0.09949404761904762 0.0649609375
1.0 0.7365178571428571 0.644765625 0.11029761904761906 0.09453125
