1.0 0.6358035714285715 0.765703125 0.13830357142857141 0.115234375
1.0 0.28232142857142856 0.655625 0.10422619047619049 0.09484375
1.0 0.2596130952380952 0.3590234375 0.07696428571428571 0.056953125
1.0 0.27723214285714287 0.3053125 0.061696428571428576 0.040234375
1.0 0.1699107142857143 0.357265625 0.05366071428571429 0.04796875
1.0 0.5292261904761905 0.376328125 0.08988095238095238 0.0537890625
1.0 0.34898809523809526 0.335234375 0.06601190476190476 0.0455078125
1.0 0.36625 0.3737109375 0.07235119047619047 0.053203125
1.0 0.5060119047619048 0.3951953125 0.07961309523809523 0.061484375
1.0 0.2975892857142857 0.4749609375 0.09366071428571428 0.068984375
1.0 0.7537202380952381 0.609140625 0.09869047619047618 0.064453125
1.0 0.7202083333333333 0.638125 0.10961309523809523 0.0937109375
1.0 0.04116071428571429 0.5698046875 0.07425595238095238 0.083203125
