1.0 0.6591666666666667 0.777265625 0.14089285714285715 0.1173828125
1.0 0.29625 0.663125 0.10586309523809524 0.0962109375
1.0 0.2543154761904762 0.3570703125 0.07648809523809523 0.056640625
1.0 0.27282738095238096 0.3046875 0.06053571428571428 0.03921875
1.0 0.16372023809523809 0.3550390625 0.053184523809523813 0.04796875
1.0 0.5243154761904761 0.37484375 0.08979166666666667 0.0538671875
1.0 0.34500000000000003 0.3337890625 0.06574404761904762 0.0453125
1.0 0.3595535714285714 0.3715234375 0.07196428571428572 0.053203125
1.0 0.4994642857142857 0.3930078125 0.07922619047619048 0.0612890625
1.0 0.28690476190476194 0.4702734375 0.09258928571428571 0.068203125
1.0 0.7415773809523809 0.6044140625 0.09785714285714286 0.063984375
1.0 0.7038690476190477 0.6315234375 0.10895833333333334 0.092890625
1.0 0.05205357142857142 0.5769140625 0.0756547619047619 0.084609375
