1.0 0.7058333333333333 0.800390625 0.1461309523809524 0.121640625
1.0 0.32413690476190476 0.678125 0.10907738095238095 0.0989453125
1.0 0.24366071428571429 0.3531640625 0.07550595238095238 0.05609375
1.0 0.264077380952381 0.3034375 0.05824404761904762 0.0372265625
1.0 0.15136904761904763 0.350546875 0.05223214285714286 0.04796875
1.0 0.5145238095238095 0.3718359375 0.08961309523809524 0.0540234375
1.0 0.3369940476190476 0.3308984375 0.06523809523809525 0.0448828125
1.0 0.3461309523809524 0.3671484375 0.07119047619047619 0.053203125
1.0 0.4863690476190476 0.3886328125 0.07842261904761905 0.0608984375
1.0 0.2655654761904762 0.4608984375 0.09044642857142857 0.06671875
1.0 0.7173511904761904 0.594921875 0.09625000000000002 0.06296875
1.0 0.6712202380952381 0.6183203125 0.10761904761904761 0.09125
1.0 0.07389880952380952 0.5911328125 0.07845238095238095 0.0874609375
