1.0 0.7291666666666666 0.8119921875 0.14875 0.1237890625
1.0 0.34113095238095237 0.686171875 0.10907738095238095 0.0978125
1.0 0.23833333333333334 0.3512109375 0.0750297619047619 0.0558203125
1.0 0.25970238095238096 0.3028125 0.05711309523809524 0.03625
1.0 0.14517857142857143 0.34828125 0.05178571428571428 0.04796875
1.0 0.5096130952380952 0.3703515625 0.08952380952380952 0.0541015625
1.0 0.3330059523809524 0.3294921875 0.0649702380952381 0.0446875
1.0 0.3394345238095238 0.3649609375 0.07083333333333333 0.053203125
1.0 0.47985119047619046 0.3864453125 0.07800595238095238 0.060703125
1.0 0.2549107142857143 0.4562109375 0.08937500000000001 0.0659765625
1.0 0.7052083333333333 0.59015625 0.09544642857142857 0.0624609375
1.0 0.6549107142857143 0.6117578125 0.1069642857142857 0.09046875
1.0 0.08482142857142858 0.59828125 0.07982142857142857 0.0888671875
