1.0 0.7785714285714287 0.8355078125 0.15273809523809523 0.1271484375
1.0 0.37511904761904763 0.702265625 0.10907738095238095 0.0955859375
1.0 0.22770833333333335 0.3473046875 0.07407738095238095 0.0552734375
1.0 0.13282738095238095 0.3437890625 0.05083333333333333 0.04796875
1.0 0.4998214285714286 0.36734375 0.08937500000000001 0.0542578125
1.0 0.325 0.3266015625 0.06446428571428571 0.0442578125
1.0 0.3260119047619048 0.3605859375 0.07005952380952381 0.053203125
1.0 0.4667559523809524 0.38203125 0.07720238095238095 0.0603515625
1.0 0.23354166666666668 0.4468359375 0.08723214285714286 0.064453125
1.0 0.6819642857142857 0.5806640625 0.09586309523809525 0.061484375
1.0 0.6222619047619048 0.598515625 0.1056547619047619 0.088828125
1.0 0.10663690476190475 0.6125390625 0.08261904761904762 0.09171875
