1.0 0.8566964285714287 0.871484375 0.1568452380952381 0.1307421875
1.0 0.42970238095238095 0.7303125 0.11613095238095239 0.0974609375
1.0 0.21220238095238095 0.34171875 0.07261904761904761 0.05453125
1.0 0.12380952380952381 0.3358984375 0.041398809523809525 0.0468359375
1.0 0.4851190476190476 0.3628515625 0.08910714285714286 0.0544921875
1.0 0.3130059523809524 0.3223046875 0.0637202380952381 0.0436328125
1.0 0.30726190476190474 0.3542578125 0.06913690476190476 0.0526953125
1.0 0.4471428571428572 0.37546875 0.07601190476190475 0.059765625
1.0 0.2025297619047619 0.433359375 0.08404761904761904 0.0622265625
1.0 0.6471428571428571 0.5664453125 0.09648809523809525 0.0599609375
1.0 0.5732738095238096 0.57875 0.10366071428571429 0.08640625
1.0 0.9395535714285714 0.7778125 0.12107142857142857 0.101953125
1.0 0.139375 0.6338671875 0.08681547619047619 0.0959375
