1.0 0.8827380952380953 0.883515625 0.1582142857142857 0.131953125
1.0 0.4485119047619047 0.7403515625 0.11964285714285715 0.0989453125
1.0 0.2073511904761905 0.34 0.07214285714285713 0.054375
1.0 0.12083333333333333 0.33328125 0.03827380952380952 0.046484375
1.0 0.4802380952380953 0.3613671875 0.08904761904761906 0.0545703125
1.0 0.3090178571428571 0.320859375 0.06345238095238095 0.0434375
1.0 0.30125 0.3521875 0.06886904761904762 0.052421875
1.0 0.4405952380952381 0.37328125 0.075625 0.059609375
1.0 0.19288690476190476 0.4292578125 0.08300595238095239 0.061484375
1.0 0.6355059523809524 0.5616796875 0.09666666666666665 0.059453125
1.0 0.5569642857142857 0.572109375 0.10297619047619049 0.0855859375
1.0 0.9162202380952381 0.7683984375 0.11976190476190476 0.0998046875
1.0 0.15252976190476192 0.641796875 0.0886904761904762 0.09703125
