1.0 0.9002678571428572 0.892109375 0.14193452380952382 0.127421875
1.0 0.46729166666666666 0.7503515625 0.12318452380952381 0.10046875
1.0 0.2025 0.3383203125 0.07166666666666666 0.05421875
1.0 0.475297619047619 0.35984375 0.08895833333333333 0.0546484375
1.0 0.305 0.3194140625 0.06321428571428571 0.0432421875
1.0 0.29523809523809524 0.3501171875 0.06860119047619048 0.0521484375
1.0 0.4340773809523809 0.37109375 0.07520833333333334 0.0594140625
1.0 0.18321428571428572 0.4251171875 0.08196428571428571 0.060703125
1.0 0.6239285714285714 0.5569140625 0.09687499999999999 0.058984375
1.0 0.5406547619047619 0.5655078125 0.10232142857142858 0.084765625
1.0 0.8928869047619047 0.7589453125 0.11848214285714287 0.09765625
1.0 0.1656547619047619 0.6496875 0.0905654761904762 0.098125
