1.0 0.9354166666666667 0.909375 0.109375 0.1184375
1.0 0.5049107142857143 0.7703125 0.13020833333333334 0.1034375
1.0 0.19279761904761905 0.334921875 0.07068452380952381 0.0538671875
1.0 0.4655357142857143 0.356875 0.0887797619047619 0.0548046875
1.0 0.2970238095238095 0.3165625 0.06270833333333334 0.0428125
1.0 0.2832142857142857 0.3459765625 0.06806547619047619 0.051640625
1.0 0.42196428571428574 0.3671484375 0.07482142857142857 0.0591015625
1.0 0.16389880952380953 0.416875 0.07988095238095239 0.05921875
1.0 0.6020238095238095 0.5491796875 0.09651785714285714 0.0599609375
1.0 0.5102678571428572 0.553203125 0.10008928571428573 0.0830078125
1.0 0.8461904761904762 0.7401171875 0.11586309523809524 0.0933984375
1.0 0.9338392857142856 0.683359375 0.11651785714285715 0.0659765625
1.0 0.9475595238095238 0.650390625 0.10738095238095238 0.07796875
1.0 0.1919345238095238 0.6655078125 0.09428571428571428 0.1003125
