1.0 0.9529761904761904 0.91796875 0.09309523809523809 0.1139453125
1.0 0.523720238095238 0.7803125 0.13374999999999998 0.1049609375
1.0 0.18791666666666668 0.333203125 0.07020833333333333 0.053671875
1.0 0.460625 0.3553515625 0.08872023809523809 0.0548828125
1.0 0.2930357142857143 0.3151171875 0.06244047619047619 0.0426171875
1.0 0.277202380952381 0.34390625 0.06779761904761905 0.0513671875
1.0 0.41642857142857137 0.3654296875 0.07482142857142857 0.058984375
1.0 0.1542261904761905 0.412734375 0.07880952380952382 0.0584765625
1.0 0.5917261904761905 0.546171875 0.09595238095238096 0.061484375
1.0 0.4961904761904762 0.5475 0.09851190476190477 0.0820703125
1.0 0.822857142857143 0.730703125 0.11455357142857144 0.09125
1.0 0.9210416666666668 0.678671875 0.11574404761904762 0.0659765625
1.0 0.9356547619047619 0.6463671875 0.10755952380952381 0.076953125
1.0 0.20505952380952383 0.6733984375 0.0961607142857143 0.10140625
