1.0 0.584375 0.81140625 0.13574404761904763 0.1071875
1.0 0.17336309523809523 0.3280859375 0.06875 0.0531640625
1.0 0.4459226190476191 0.350859375 0.08845238095238095 0.0551171875
1.0 0.28101190476190474 0.31078125 0.061696428571428576 0.0419921875
1.0 0.25916666666666666 0.33765625 0.06699404761904762 0.0505859375
1.0 0.39976190476190476 0.360234375 0.07482142857142857 0.05859375
1.0 0.1355952380952381 0.4040234375 0.06211309523809524 0.056796875
1.0 0.5616071428571429 0.5362890625 0.09440476190476191 0.0643359375
1.0 0.4540178571428572 0.5303515625 0.09380952380952381 0.0792578125
1.0 0.7552083333333334 0.7033203125 0.11166666666666668 0.085625
1.0 0.8825595238095238 0.6646875 0.11345238095238094 0.0659765625
1.0 0.899970238095238 0.6344140625 0.108125 0.0739453125
1.0 0.24446428571428572 0.6971484375 0.10175595238095238 0.1046875
1.0 0.08056547619047619 0.6661328125 0.099375 0.10046875
