1.0 0.6053571428571429 0.8219921875 0.1349702380952381 0.107578125
1.0 0.16851190476190475 0.32640625 0.06827380952380953 0.0530078125
1.0 0.44104166666666667 0.349375 0.08839285714285713 0.0551953125
1.0 0.27747023809523813 0.3096875 0.06095238095238095 0.0414453125
1.0 0.25315476190476194 0.3355859375 0.06672619047619048 0.0503125
1.0 0.39419642857142856 0.358515625 0.07482142857142857 0.0584765625
1.0 0.129375 0.4011328125 0.05654761904761905 0.0562109375
1.0 0.5520535714285715 0.532421875 0.09398809523809523 0.0641796875
1.0 0.4399702380952381 0.5246484375 0.09223214285714285 0.0783203125
1.0 0.7342261904761904 0.694765625 0.11136904761904762 0.0843359375
1.0 0.869732142857143 0.6600390625 0.11270833333333333 0.0659765625
1.0 0.8880654761904762 0.630390625 0.10833333333333332 0.07296875
1.0 0.25761904761904764 0.7050390625 0.10363095238095238 0.10578125
1.0 0.09282738095238095 0.6747265625 0.10395833333333333 0.0996875
