1.0 0.7636309523809524 0.903046875 0.14538690476190477 0.12109375
1.0 0.13726190476190475 0.3176953125 0.06270833333333334 0.046484375
1.0 0.4089285714285714 0.3394140625 0.08580357142857142 0.0557421875
1.0 0.21196428571428572 0.321875 0.06488095238095239 0.0480859375
1.0 0.355327380952381 0.3464453125 0.07482142857142857 0.057578125
1.0 0.48517857142857146 0.505234375 0.09107142857142858 0.0632421875
1.0 0.35351190476190475 0.488203125 0.08767857142857143 0.0751953125
1.0 0.5908928571428571 0.6356640625 0.10842261904761905 0.076015625
1.0 0.7857440476190476 0.6280859375 0.10726190476190475 0.0659765625
1.0 0.8126488095238096 0.6 0.10577380952380952 0.068359375
1.0 0.8962797619047619 0.5850390625 0.119375 0.0828125
1.0 0.36669642857142853 0.7679296875 0.11470238095238094 0.1165234375
1.0 0.20199404761904763 0.7422265625 0.11038690476190477 0.1038671875
