1.0 0.7873511904761905 0.915 0.1456547619047619 0.1229296875
1.0 0.1330952380952381 0.316796875 0.061696428571428576 0.0449609375
1.0 0.40458333333333335 0.338046875 0.08523809523809524 0.0558203125
1.0 0.206875 0.3205859375 0.06461309523809525 0.047421875
1.0 0.34979166666666667 0.3446875 0.07482142857142857 0.0574609375
1.0 0.475625 0.5013671875 0.0906547619047619 0.063125
1.0 0.3418452380952381 0.483203125 0.08738095238095238 0.0749609375
1.0 0.5735119047619047 0.627734375 0.10720238095238097 0.075546875
1.0 0.7748511904761906 0.623671875 0.10645833333333335 0.0659765625
1.0 0.8020535714285715 0.5955859375 0.10532738095238095 0.0677734375
1.0 0.8875892857142857 0.5817578125 0.11880952380952381 0.0824609375
1.0 0.3832738095238095 0.7773828125 0.11619047619047619 0.1182421875
1.0 0.2181547619047619 0.7520703125 0.1106845238095238 0.1046875
