1.0 0.8119047619047619 0.9233984375 0.14770833333333333 0.116328125
1.0 0.40020833333333333 0.3366796875 0.08464285714285714 0.0558984375
1.0 0.2017559523809524 0.319296875 0.064375 0.046796875
1.0 0.34422619047619046 0.34296875 0.07482142857142857 0.05734375
1.0 0.4660714285714286 0.4974609375 0.09023809523809524 0.06296875
1.0 0.33017857142857143 0.478203125 0.08708333333333333 0.0747265625
1.0 0.5561011904761904 0.619765625 0.10598214285714286 0.075078125
1.0 0.7639285714285714 0.6192578125 0.1056547619047619 0.0659765625
1.0 0.7914880952380953 0.5912109375 0.10485119047619047 0.0671875
1.0 0.8788690476190476 0.578515625 0.11821428571428572 0.0820703125
1.0 0.3998214285714286 0.786796875 0.11764880952380953 0.119921875
1.0 0.2342857142857143 0.761875 0.11101190476190476 0.1055078125
