1.0 0.8610119047619048 0.94015625 0.1518154761904762 0.1031640625
1.0 0.3915178571428572 0.3339453125 0.08348214285714287 0.0560546875
1.0 0.19154761904761905 0.3167578125 0.06389880952380952 0.0455078125
1.0 0.333125 0.33953125 0.07482142857142857 0.057109375
1.0 0.44860119047619046 0.4904296875 0.09005952380952381 0.062734375
1.0 0.306875 0.4682421875 0.08651785714285715 0.07421875
1.0 0.5213095238095238 0.603828125 0.10351190476190476 0.074140625
1.0 0.7421130952380952 0.610390625 0.10407738095238095 0.0659765625
1.0 0.7702976190476191 0.5823828125 0.10395833333333333 0.0659765625
1.0 0.8614583333333333 0.571953125 0.11708333333333334 0.081328125
1.0 0.4381845238095238 0.8076171875 0.11863095238095238 0.1212109375
1.0 0.2666071428571429 0.781484375 0.11163690476190476 0.107109375
