1.0 0.09657738095238096 0.6059765625 0.09830357142857143 0.0996875
1.0 0.36976190476190474 0.327109375 0.0805952380952381 0.05640625
1.0 0.3071130952380952 0.33109375 0.07419642857142857 0.056171875
1.0 0.40488095238095234 0.4728515625 0.08961309523809524 0.0621484375
1.0 0.251547619047619 0.4459375 0.08354166666666667 0.07234375
1.0 0.4343154761904762 0.5640625 0.09735119047619048 0.0718359375
1.0 0.6875595238095238 0.58828125 0.1000595238095238 0.0659765625
1.0 0.7173809523809523 0.5604296875 0.10166666666666666 0.06296875
1.0 0.8178869047619047 0.555546875 0.11422619047619048 0.079453125
1.0 0.9057440476190476 0.5615234375 0.11598214285714285 0.08546875
1.0 0.89875 0.67046875 0.0874404761904762 0.07046875
1.0 0.9215773809523808 0.7263671875 0.12461309523809523 0.096796875
1.0 0.534047619047619 0.85953125 0.12107142857142857 0.124453125
1.0 0.3542857142857143 0.838828125 0.13336309523809525 0.11953125
