1.0 0.10994047619047619 0.6134375 0.09988095238095239 0.10046875
1.0 0.3653869047619048 0.3257421875 0.08 0.056484375
1.0 0.30199404761904763 0.329453125 0.07404761904761904 0.0559375
1.0 0.39613095238095236 0.469296875 0.08952380952380952 0.06203125
1.0 0.2413690476190476 0.442265625 0.0824702380952381 0.071796875
1.0 0.41690476190476194 0.55609375 0.09613095238095237 0.0713671875
1.0 0.6766666666666667 0.5838671875 0.09925595238095239 0.0659765625
1.0 0.7082738095238095 0.5569140625 0.10127976190476191 0.06296875
1.0 0.8091666666666667 0.552265625 0.11366071428571428 0.0791015625
1.0 0.8953869047619049 0.5571484375 0.11467261904761905 0.08546875
1.0 0.8859821428571428 0.6655859375 0.08702380952380952 0.07046875
1.0 0.904702380952381 0.7191015625 0.12360119047619048 0.09609375
1.0 0.5475297619047619 0.869296875 0.13708333333333333 0.1283203125
1.0 0.37217261904761906 0.850703125 0.1387202380952381 0.122421875
