1.0 0.12327380952380954 0.620859375 0.10142857142857142 0.1012109375
1.0 0.36104166666666665 0.324375 0.07943452380952382 0.0565625
1.0 0.296875 0.3277734375 0.07386904761904763 0.0557421875
1.0 0.3874107142857143 0.4658203125 0.0894642857142857 0.0619140625
1.0 0.23119047619047622 0.4386328125 0.08139880952380953 0.0712109375
1.0 0.3994940476190476 0.5481640625 0.09491071428571429 0.0709375
1.0 0.6657440476190476 0.579453125 0.09845238095238094 0.0659765625
1.0 0.6991666666666666 0.5534375 0.10089285714285715 0.06296875
1.0 0.8004761904761905 0.548984375 0.1130952380952381 0.0787109375
1.0 0.8850595238095238 0.5527734375 0.11336309523809525 0.08546875
1.0 0.8731845238095237 0.6606640625 0.08660714285714285 0.07046875
1.0 0.8878571428571428 0.711875 0.12255952380952381 0.0954296875
1.0 0.5681547619047619 0.8808984375 0.1387797619047619 0.1284765625
1.0 0.3936607142857143 0.8635546875 0.136875 0.1233203125
