1.0 0.18997023809523808 0.6580859375 0.10916666666666666 0.1049609375
1.0 0.3392857142857143 0.3175390625 0.07654761904761904 0.056953125
1.0 0.2713095238095238 0.3194140625 0.07309523809523809 0.0547265625
1.0 0.34520833333333334 0.4487890625 0.0881547619047619 0.061015625
1.0 0.18142857142857144 0.419296875 0.07666666666666667 0.06859375
1.0 0.3257738095238095 0.5159375 0.08985119047619047 0.06796875
1.0 0.6111904761904763 0.55734375 0.09446428571428571 0.0659765625
1.0 0.6536011904761905 0.5359375 0.09898809523809524 0.06296875
1.0 0.7599107142857143 0.53390625 0.11125 0.07734375
1.0 0.8334523809523811 0.530859375 0.10675595238095237 0.08546875
1.0 0.8093452380952381 0.6361328125 0.08452380952380951 0.07046875
1.0 0.8036309523809523 0.675703125 0.11744047619047619 0.0920703125
1.0 0.6782440476190476 0.937109375 0.14336309523809523 0.1296875
1.0 0.5026190476190476 0.931484375 0.1382142857142857 0.135234375
1.0 0.9555357142857143 0.528203125 0.09136904761904761 0.0674609375
