1.0 0.21663690476190478 0.67296875 0.11226190476190476 0.1064453125
1.0 0.3318452380952381 0.3154296875 0.07520833333333334 0.055
1.0 0.26187499999999997 0.317265625 0.07273809523809524 0.0523828125
1.0 0.3307738095238095 0.442890625 0.08630952380952381 0.060078125
1.0 0.1633035714285714 0.409921875 0.07583333333333334 0.0678515625
1.0 0.2975892857142857 0.503828125 0.08794642857142858 0.06671875
1.0 0.5911309523809524 0.5493359375 0.09360119047619048 0.0657421875
1.0 0.6353571428571428 0.5289453125 0.09824404761904762 0.06296875
1.0 0.7444642857142857 0.5282421875 0.11077380952380952 0.0769140625
1.0 0.8127976190476192 0.5220703125 0.10413690476190476 0.08546875
1.0 0.7878571428571429 0.6278515625 0.08354166666666667 0.0693359375
1.0 0.7699107142857142 0.66125 0.11535714285714285 0.090703125
1.0 0.7253571428571428 0.946484375 0.14050595238095237 0.1064453125
1.0 0.547172619047619 0.9444921875 0.1450595238095238 0.11203125
1.0 0.9376488095238096 0.52171875 0.09113095238095238 0.066484375
