1.0 0.24333333333333335 0.687890625 0.11535714285714285 0.1079296875
1.0 0.3244345238095238 0.31328125 0.07389880952380952 0.053046875
1.0 0.25241071428571427 0.315078125 0.07235119047619047 0.050078125
1.0 0.3163690476190476 0.4369921875 0.08446428571428571 0.059140625
1.0 0.1469940476190476 0.401640625 0.07309523809523809 0.06671875
1.0 0.26940476190476187 0.49171875 0.08604166666666667 0.06546875
1.0 0.572797619047619 0.5421484375 0.09348214285714286 0.0652734375
1.0 0.6171726190476191 0.521953125 0.0974702380952381 0.06296875
1.0 0.7290178571428572 0.5225 0.11029761904761906 0.0765234375
1.0 0.7932738095238095 0.5146484375 0.10261904761904761 0.0848828125
1.0 0.7663690476190477 0.6195703125 0.0825595238095238 0.0681640625
1.0 0.73625 0.646796875 0.11330357142857143 0.089375
1.0 0.9197619047619048 0.5151953125 0.09086309523809524 0.06546875
