1.0 0.26083333333333336 0.6984375 0.1174107142857143 0.109765625
1.0 0.32071428571428573 0.3122265625 0.07324404761904761 0.0520703125
1.0 0.24767857142857141 0.313984375 0.07214285714285713 0.04890625
1.0 0.30916666666666665 0.4340234375 0.08354166666666667 0.058671875
1.0 0.13976190476190475 0.3980078125 0.07083333333333333 0.0659765625
1.0 0.25532738095238094 0.4856640625 0.08508928571428571 0.06484375
1.0 0.5636309523809524 0.5385546875 0.09342261904761905 0.065
1.0 0.6080357142857143 0.5184375 0.09708333333333333 0.06296875
1.0 0.7213095238095238 0.5196875 0.1100595238095238 0.076328125
1.0 0.7841071428571428 0.5116015625 0.10244047619047619 0.0843359375
1.0 0.755625 0.6154296875 0.08208333333333333 0.0676171875
1.0 0.719375 0.63953125 0.11229166666666665 0.088671875
1.0 0.9108333333333334 0.511953125 0.09074404761904761 0.0649609375
