1.0 0.31339285714285714 0.7301953125 0.12348214285714286 0.1152734375
1.0 0.3095833333333333 0.3090234375 0.07125000000000001 0.049140625
1.0 0.23348214285714286 0.3107421875 0.07157738095238095 0.045390625
1.0 0.2875297619047619 0.42515625 0.08074404761904762 0.057265625
1.0 0.2130654761904762 0.4674609375 0.08223214285714285 0.06296875
1.0 0.5361309523809523 0.5277734375 0.09324404761904762 0.064296875
1.0 0.5807142857142857 0.50796875 0.09595238095238096 0.06296875
1.0 0.698125 0.511171875 0.1093452380952381 0.075703125
1.0 0.7565178571428571 0.5024609375 0.10190476190476191 0.08265625
1.0 0.7233928571428572 0.6030078125 0.080625 0.0658984375
1.0 0.6688392857142856 0.6178515625 0.10919642857142857 0.086640625
1.0 0.8839583333333333 0.5021875 0.09035714285714286 0.0634765625
