1.0 0.3659226190476191 0.7619140625 0.12958333333333333 0.12078125
1.0 0.29845238095238097 0.3058203125 0.06928571428571428 0.046171875
1.0 0.26589285714285715 0.416328125 0.07797619047619048 0.055859375
1.0 0.17764880952380951 0.4505859375 0.0799702380952381 0.05921875
1.0 0.5086309523809524 0.51703125 0.09306547619047618 0.06359375
1.0 0.5533928571428571 0.4974609375 0.09482142857142857 0.06296875
1.0 0.674970238095238 0.5026171875 0.10863095238095238 0.075078125
1.0 0.7289285714285714 0.4933203125 0.10136904761904762 0.0809765625
1.0 0.6911607142857142 0.590625 0.07913690476190476 0.0641796875
1.0 0.6183035714285714 0.5961328125 0.10613095238095237 0.0846484375
1.0 0.8592857142857143 0.49359375 0.09023809523809524 0.0623046875
