1.0 0.40095238095238095 0.7830859375 0.13366071428571427 0.124453125
1.0 0.29101190476190475 0.303671875 0.06797619047619048 0.04421875
1.0 0.25145833333333334 0.410390625 0.07610119047619048 0.054921875
1.0 0.15404761904761904 0.439375 0.07845238095238095 0.05671875
1.0 0.4902976190476191 0.50984375 0.09294642857142857 0.063125
1.0 0.5351488095238095 0.49046875 0.09404761904761905 0.06296875
1.0 0.6595238095238095 0.496953125 0.10815476190476192 0.0746484375
1.0 0.7105654761904762 0.4872265625 0.10101190476190476 0.07984375
1.0 0.669672619047619 0.5823046875 0.07815476190476191 0.063046875
1.0 0.587202380952381 0.5830859375 0.10407738095238095 0.08296875
1.0 0.8435416666666666 0.48828125 0.09023809523809524 0.061640625
