1.0 0.4651190476190476 0.816328125 0.14089285714285715 0.1279296875
1.0 0.23044642857142858 0.4023828125 0.0737797619047619 0.0537109375
1.0 0.4627678571428572 0.4990625 0.09276785714285715 0.062421875
1.0 0.5105357142857143 0.481015625 0.09220238095238095 0.0623046875
1.0 0.6363690476190476 0.4884375 0.1074404761904762 0.0740234375
1.0 0.6829761904761904 0.4780859375 0.10047619047619047 0.0781640625
1.0 0.6374404761904762 0.5698828125 0.07669642857142857 0.061328125
1.0 0.5445833333333333 0.565625 0.10104166666666667 0.0799609375
1.0 0.8199404761904762 0.4802734375 0.09023809523809524 0.060625
1.0 0.944702380952381 0.6916015625 0.1130952380952381 0.079453125
