1.0 0.5292857142857142 0.84953125 0.148125 0.1314453125
1.0 0.2105952380952381 0.396015625 0.07235119047619047 0.05296875
1.0 0.43523809523809526 0.4883203125 0.09258928571428571 0.06171875
1.0 0.4872619047619048 0.4721875 0.0900297619047619 0.0612890625
1.0 0.6132142857142857 0.4798828125 0.10675595238095237 0.0733984375
1.0 0.6554166666666666 0.468984375 0.09994047619047619 0.0764453125
1.0 0.6052380952380952 0.5574609375 0.07523809523809524 0.059609375
1.0 0.5019345238095239 0.5480859375 0.09797619047619048 0.076953125
1.0 0.7964880952380953 0.472421875 0.08982142857142857 0.0594921875
1.0 0.9052678571428572 0.6772265625 0.11514880952380951 0.079453125
