1.0 0.5506845238095238 0.8605859375 0.15053571428571427 0.1326171875
1.0 0.20395833333333332 0.3938671875 0.071875 0.052734375
1.0 0.42607142857142855 0.4847265625 0.0925297619047619 0.061484375
1.0 0.4794940476190477 0.46921875 0.08928571428571429 0.0609765625
1.0 0.6054761904761905 0.47703125 0.10651785714285714 0.073203125
1.0 0.6462202380952381 0.4659375 0.09976190476190477 0.0758984375
1.0 0.5944940476190477 0.5533203125 0.07473214285714286 0.0590625
1.0 0.48770833333333335 0.542265625 0.09696428571428571 0.0759765625
1.0 0.7887797619047618 0.46984375 0.08937500000000001 0.0590234375
1.0 0.8921428571428571 0.672421875 0.11583333333333334 0.079453125
