1.0 0.593452380952381 0.8827734375 0.15535714285714286 0.134921875
1.0 0.19113095238095237 0.3894140625 0.07110119047619048 0.0524609375
1.0 0.41014880952380955 0.4782421875 0.09086309523809524 0.0607421875
1.0 0.46398809523809526 0.4633203125 0.08782738095238096 0.0603125
1.0 0.5900297619047619 0.4713671875 0.10604166666666667 0.0728125
1.0 0.6278273809523809 0.45984375 0.0994047619047619 0.074765625
1.0 0.5743750000000001 0.5451171875 0.07407738095238095 0.0582421875
1.0 0.46092261904761905 0.531328125 0.09511904761904762 0.0745703125
1.0 0.7733333333333332 0.4646875 0.08851190476190476 0.0580859375
1.0 0.8660416666666667 0.6625 0.11553571428571428 0.0790234375
