1.0 0.6683928571428572 0.915703125 0.15791666666666668 0.128203125
1.0 0.073125 0.4864453125 0.08922619047619047 0.0849609375
1.0 0.17250000000000001 0.3823828125 0.07023809523809524 0.0524609375
1.0 0.38619047619047614 0.468515625 0.08839285714285713 0.0596875
1.0 0.4407142857142857 0.4544140625 0.08565476190476191 0.059296875
1.0 0.5669047619047619 0.4628125 0.10532738095238095 0.0721875
1.0 0.6002678571428571 0.450703125 0.09886904761904762 0.0730859375
1.0 0.5461904761904762 0.532890625 0.07360119047619047 0.0576171875
1.0 0.42324404761904766 0.516015625 0.09261904761904763 0.0733203125
1.0 0.7502380952380953 0.456953125 0.08723214285714286 0.0566796875
1.0 0.8271428571428572 0.6470703125 0.11258928571428571 0.077734375
