1.0 0.6933928571428571 0.9266796875 0.1587797619047619 0.1259375
1.0 0.08511904761904762 0.4922265625 0.08985119047619047 0.08546875
1.0 0.16630952380952382 0.3800390625 0.0699702380952381 0.0524609375
1.0 0.3782142857142857 0.4652734375 0.08755952380952381 0.059296875
1.0 0.43297619047619046 0.451484375 0.08491071428571428 0.058984375
1.0 0.5591666666666667 0.4599609375 0.10508928571428572 0.071953125
1.0 0.5910714285714286 0.44765625 0.09869047619047618 0.0725390625
1.0 0.5368154761904762 0.528828125 0.07342261904761906 0.0573828125
1.0 0.41068452380952386 0.510859375 0.09178571428571429 0.0729296875
1.0 0.7424999999999999 0.454375 0.08681547619047619 0.0562109375
1.0 0.8141369047619048 0.6419140625 0.11160714285714286 0.0773046875
1.0 0.9389880952380952 0.60390625 0.10622023809523809 0.071953125
1.0 0.9264285714285714 0.720078125 0.12452380952380954 0.1034375
