1.0 0.7933333333333333 0.95625 0.16220238095238096 0.09296875
1.0 0.1330952380952381 0.5151953125 0.09241071428571429 0.0874609375
1.0 0.1437202380952381 0.37046875 0.06625 0.053984375
1.0 0.3462797619047619 0.45234375 0.08422619047619048 0.057890625
1.0 0.4019047619047619 0.4396484375 0.08199404761904762 0.05765625
1.0 0.533125 0.4509765625 0.10235119047619048 0.07015625
1.0 0.5542857142857143 0.4355078125 0.09797619047619048 0.0702734375
1.0 0.4992857142857143 0.512578125 0.07276785714285713 0.0565625
1.0 0.36041666666666666 0.4904296875 0.08848214285714286 0.0712890625
1.0 0.7116666666666667 0.4440625 0.08508928571428571 0.0543359375
1.0 0.7622321428571429 0.6213671875 0.10770833333333332 0.075625
1.0 0.9008333333333334 0.5894921875 0.10485119047619047 0.071953125
1.0 0.862827380952381 0.6966015625 0.12223214285714286 0.0984375
1.0 0.9369642857142857 0.6457421875 0.1068154761904762 0.068203125
