1.0 0.15708333333333332 0.5266796875 0.09366071428571428 0.0884375
1.0 0.13583333333333333 0.365390625 0.06053571428571428 0.056953125
1.0 0.33032738095238096 0.445859375 0.08258928571428571 0.0571484375
1.0 0.38639880952380956 0.4337109375 0.08053571428571428 0.056953125
1.0 0.5200892857142857 0.446484375 0.10098214285714285 0.0692578125
1.0 0.5359226190476191 0.429375 0.0976190476190476 0.069140625
1.0 0.48050595238095234 0.5044140625 0.0724404761904762 0.05609375
1.0 0.335297619047619 0.480234375 0.08681547619047619 0.07046875
1.0 0.69625 0.43890625 0.08425595238095238 0.0533984375
1.0 0.7363095238095239 0.61109375 0.10574404761904763 0.074765625
1.0 0.8817559523809523 0.5823046875 0.10416666666666667 0.071953125
1.0 0.8310416666666667 0.68484375 0.12107142857142857 0.0959375
1.0 0.9147023809523809 0.6380078125 0.10794642857142858 0.0697265625
