1.0 0.24223214285714287 0.5685546875 0.10261904761904761 0.0960546875
1.0 0.2880357142857143 0.42921875 0.07901785714285714 0.0568359375
1.0 0.3444642857142857 0.419375 0.08029761904761905 0.0563671875
1.0 0.48104166666666665 0.43296875 0.09687499999999999 0.0665625
1.0 0.4861607142857143 0.412109375 0.09595238095238096 0.0662109375
1.0 0.4278869047619048 0.483046875 0.07023809523809524 0.05515625
1.0 0.2708035714285714 0.4529296875 0.0786904761904762 0.0687890625
1.0 0.6528571428571429 0.4255078125 0.08110119047619048 0.0524609375
1.0 0.6623809523809524 0.5808984375 0.10044642857142858 0.0709375
1.0 0.8260714285714286 0.56203125 0.10205357142857142 0.070703125
1.0 0.7390476190476191 0.646796875 0.11949404761904761 0.0904296875
1.0 0.8494345238095239 0.6145703125 0.10898809523809523 0.0710546875
