1.0 0.270625 0.5825 0.10562500000000001 0.09859375
1.0 0.061994047619047615 0.5875 0.09148809523809523 0.087109375
1.0 0.2743154761904762 0.423828125 0.07791666666666666 0.056875
1.0 0.3305059523809524 0.41453125 0.08023809523809525 0.056171875
1.0 0.4680059523809524 0.428515625 0.09550595238095239 0.0656640625
1.0 0.47136904761904763 0.40671875 0.09517857142857143 0.065390625
1.0 0.41157738095238094 0.476953125 0.06910714285714285 0.054921875
1.0 0.24931547619047617 0.4438671875 0.07595238095238095 0.068203125
1.0 0.6388392857142857 0.4213671875 0.0799702380952381 0.0524609375
1.0 0.6390178571428572 0.5710546875 0.09886904761904762 0.0692578125
1.0 0.8085714285714286 0.556171875 0.10127976190476191 0.069453125
1.0 0.7083928571428572 0.634140625 0.11898809523809523 0.0885546875
1.0 0.8281845238095238 0.606640625 0.10851190476190477 0.07046875
