1.0 0.28479166666666667 0.589453125 0.10711309523809524 0.0998828125
1.0 0.0736904761904762 0.595078125 0.09273809523809524 0.087265625
1.0 0.2674404761904762 0.4211328125 0.07735119047619048 0.056875
1.0 0.3235119047619048 0.4121484375 0.08017857142857143 0.0560546875
1.0 0.46151785714285715 0.42625 0.09482142857142857 0.065234375
1.0 0.46398809523809526 0.403984375 0.09482142857142857 0.0649609375
1.0 0.4033928571428571 0.47390625 0.06854166666666667 0.05484375
1.0 0.23952380952380953 0.4401953125 0.07547619047619047 0.0674609375
1.0 0.6318452380952382 0.4193359375 0.07940476190476191 0.0524609375
1.0 0.6273511904761905 0.566171875 0.0980952380952381 0.0683984375
1.0 0.7998214285714286 0.5532421875 0.10089285714285715 0.068828125
1.0 0.6930357142857143 0.6277734375 0.1187202380952381 0.08765625
1.0 0.8175595238095238 0.6026953125 0.10827380952380954 0.07015625
