1.0 0.2989880952380952 0.596484375 0.10860119047619048 0.1011328125
1.0 0.08541666666666667 0.6026171875 0.09401785714285714 0.087421875
1.0 0.2605952380952381 0.4184375 0.07681547619047618 0.056875
1.0 0.316547619047619 0.409765625 0.08014880952380952 0.0559765625
1.0 0.45499999999999996 0.423984375 0.09413690476190475 0.064765625
1.0 0.45657738095238093 0.4012890625 0.09443452380952382 0.06453125
1.0 0.39526785714285717 0.4708203125 0.06797619047619048 0.0547265625
1.0 0.22973214285714286 0.436484375 0.0749702380952381 0.06671875
1.0 0.6248511904761904 0.417265625 0.07880952380952382 0.0524609375
1.0 0.6156845238095239 0.5612109375 0.09732142857142859 0.067578125
1.0 0.7910714285714286 0.5503125 0.10053571428571428 0.068203125
1.0 0.6777083333333334 0.6214453125 0.11845238095238095 0.08671875
1.0 0.8069345238095238 0.59875 0.1080654761904762 0.0698828125
