1.0 0.3273809523809524 0.6104296875 0.11157738095238096 0.103671875
1.0 0.10883928571428572 0.6177734375 0.09651785714285714 0.0876953125
1.0 0.2468452380952381 0.4130859375 0.07571428571428572 0.056875
1.0 0.3025595238095238 0.4049609375 0.0800595238095238 0.05578125
1.0 0.4419642857142857 0.4194921875 0.09273809523809524 0.0638671875
1.0 0.4418154761904762 0.3958984375 0.09366071428571428 0.0637109375
1.0 0.37895833333333334 0.464765625 0.06681547619047619 0.0544921875
1.0 0.21017857142857144 0.4291015625 0.07398809523809524 0.065234375
1.0 0.6128869047619048 0.413203125 0.07854166666666666 0.0521484375
1.0 0.5933928571428572 0.5519921875 0.09583333333333334 0.065625
1.0 0.7735416666666668 0.5444140625 0.09976190476190477 0.066953125
1.0 0.6470535714285715 0.6087109375 0.11791666666666666 0.0848828125
1.0 0.7856845238095238 0.590859375 0.10761904761904761 0.0692578125
