1.0 0.452797619047619 0.670546875 0.1224404761904762 0.111484375
1.0 0.19812499999999997 0.67328125 0.10666666666666667 0.0909765625
1.0 0.09083333333333334 0.663046875 0.10839285714285715 0.0989453125
1.0 0.1988095238095238 0.3942578125 0.071875 0.056953125
1.0 0.25797619047619047 0.388515625 0.07696428571428571 0.054375
1.0 0.4007142857142857 0.40515625 0.08991071428571429 0.0621484375
1.0 0.3900595238095238 0.376953125 0.09101190476190475 0.0608203125
1.0 0.32404761904761903 0.443984375 0.06336309523809523 0.0537890625
1.0 0.14482142857142857 0.4007421875 0.0736904761904762 0.061484375
1.0 0.5710416666666667 0.3990234375 0.0775297619047619 0.051015625
1.0 0.5189880952380952 0.5219921875 0.09095238095238095 0.058046875
1.0 0.7157440476190476 0.5245703125 0.09681547619047619 0.0637890625
1.0 0.5558333333333333 0.570625 0.10943452380952381 0.0815625
1.0 0.7126488095238095 0.5637890625 0.10577380952380952 0.067265625
1.0 0.8920833333333333 0.536015625 0.09595238095238096 0.056953125
1.0 0.9013690476190477 0.56359375 0.09866071428571428 0.073828125
