1.0 0.47130952380952384 0.6794140625 0.12398809523809523 0.112578125
1.0 0.21351190476190474 0.682109375 0.10860119047619048 0.092265625
1.0 0.10398809523809523 0.6708984375 0.11002976190476191 0.0989453125
1.0 0.19196428571428573 0.3915625 0.07133928571428572 0.056953125
1.0 0.25205357142857143 0.3862109375 0.0761904761904762 0.0541015625
1.0 0.39505952380952386 0.4031640625 0.08961309523809524 0.061953125
1.0 0.38264880952380953 0.37421875 0.090625 0.060390625
1.0 0.3170238095238095 0.44125 0.0630654761904762 0.053671875
1.0 0.13863095238095238 0.397734375 0.0681547619047619 0.061484375
1.0 0.5650595238095238 0.3969921875 0.07738095238095238 0.0508203125
1.0 0.5083333333333334 0.5176953125 0.09023809523809524 0.056953125
1.0 0.7081547619047619 0.5218359375 0.09636904761904763 0.06359375
1.0 0.5432142857142858 0.5653125 0.1080654761904762 0.081171875
1.0 0.7033630952380953 0.5603515625 0.10532738095238095 0.0670703125
1.0 0.8824404761904762 0.5334375 0.09595238095238096 0.056953125
1.0 0.8923511904761904 0.5603515625 0.09830357142857143 0.07359375
