1.0 0.5269345238095239 0.7059765625 0.12866071428571427 0.115859375
1.0 0.2596428571428571 0.70859375 0.1144047619047619 0.0960546875
1.0 0.14339285714285716 0.694375 0.115 0.0989453125
1.0 0.17136904761904762 0.383515625 0.06967261904761905 0.056953125
1.0 0.23434523809523808 0.379296875 0.07395833333333333 0.05328125
1.0 0.3780952380952381 0.397265625 0.08872023809523809 0.061484375
1.0 0.36223214285714284 0.3674609375 0.08928571428571429 0.05859375
1.0 0.29586309523809523 0.43296875 0.06214285714285714 0.053359375
1.0 0.5471130952380953 0.3908984375 0.07696428571428571 0.0503515625
1.0 0.47943452380952384 0.5046875 0.0887797619047619 0.0540625
1.0 0.6853571428571429 0.513671875 0.09494047619047619 0.0629296875
1.0 0.505297619047619 0.5494140625 0.10395833333333333 0.0799609375
1.0 0.6754761904761905 0.5501953125 0.10395833333333333 0.066484375
1.0 0.8555059523809524 0.5238671875 0.09428571428571428 0.05609375
1.0 0.8653273809523809 0.5505859375 0.09717261904761905 0.0729296875
