1.0 0.5454761904761904 0.71484375 0.13020833333333334 0.116953125
1.0 0.275 0.7173828125 0.11633928571428573 0.09734375
1.0 0.15651785714285715 0.7021875 0.11663690476190476 0.0989453125
1.0 0.053154761904761906 0.5296875 0.10053571428571428 0.0884375
1.0 0.16583333333333333 0.381015625 0.06910714285714285 0.055234375
1.0 0.22845238095238096 0.3769921875 0.07318452380952381 0.05296875
1.0 0.3725 0.3952734375 0.08842261904761906 0.0612890625
1.0 0.3557142857142857 0.36546875 0.0887797619047619 0.057890625
1.0 0.2888392857142857 0.430234375 0.0618452380952381 0.05328125
1.0 0.5411607142857143 0.3888671875 0.07681547619047618 0.0501953125
1.0 0.4698214285714286 0.5003515625 0.08827380952380952 0.053125
1.0 0.6777678571428571 0.511015625 0.09446428571428571 0.0626953125
1.0 0.4926488095238095 0.5441015625 0.10258928571428572 0.0795703125
1.0 0.6662202380952381 0.5467578125 0.10348214285714287 0.06625
1.0 0.846547619047619 0.5206640625 0.09375 0.0558203125
1.0 0.8563095238095239 0.5473046875 0.09681547619047619 0.0726953125
