1.0 0.6122916666666667 0.7473046875 0.1313690476190476 0.119921875
1.0 0.3211309523809524 0.7438671875 0.12214285714285714 0.1011328125
1.0 0.19741071428571427 0.7269140625 0.12267857142857143 0.1005859375
1.0 0.08970238095238095 0.54953125 0.10622023809523809 0.0921875
1.0 0.14928571428571427 0.373515625 0.06738095238095239 0.0499609375
1.0 0.21071428571428572 0.370078125 0.07095238095238095 0.0521484375
1.0 0.3555357142857143 0.389375 0.0875297619047619 0.0608203125
1.0 0.33613095238095236 0.3594140625 0.08735119047619049 0.0558203125
1.0 0.2677083333333333 0.4219921875 0.060922619047619045 0.05296875
1.0 0.5231845238095237 0.3828125 0.07639880952380954 0.0496875
1.0 0.4409226190476191 0.48734375 0.08681547619047619 0.050234375
1.0 0.654970238095238 0.5028515625 0.09306547619047618 0.06203125
1.0 0.4547321428571428 0.5282421875 0.09845238095238094 0.078359375
1.0 0.6383333333333333 0.5366015625 0.10211309523809524 0.0656640625
1.0 0.8196428571428571 0.51109375 0.09208333333333334 0.054921875
1.0 0.8292857142857143 0.5375 0.0956845238095238 0.07203125
