1.0 0.8207440476190475 0.8423046875 0.1393452380952381 0.1229296875
1.0 0.48892857142857143 0.8366796875 0.13708333333333333 0.1116796875
1.0 0.32898809523809525 0.8085546875 0.14735119047619047 0.1154296875
1.0 0.21565476190476188 0.6160546875 0.1225297619047619 0.1025
1.0 0.15907738095238097 0.3508984375 0.0656845238095238 0.0509765625
1.0 0.30470238095238095 0.371640625 0.08488095238095238 0.059296875
1.0 0.2793154761904762 0.341171875 0.08348214285714287 0.0509765625
1.0 0.20708333333333334 0.397578125 0.05788690476190476 0.051796875
1.0 0.4694047619047619 0.3645703125 0.07511904761904761 0.048203125
1.0 0.3630654761904762 0.4603515625 0.08011904761904762 0.050234375
1.0 0.5866369047619048 0.4784765625 0.08883928571428572 0.060078125
1.0 0.35443452380952384 0.485859375 0.09294642857142857 0.07359375
1.0 0.5581547619047619 0.5066796875 0.09732142857142859 0.063125
1.0 0.7388690476190476 0.4823828125 0.08711309523809524 0.05234375
1.0 0.7482142857142857 0.5081640625 0.09235119047619048 0.07
1.0 0.86125 0.6942578125 0.11752976190476191 0.079453125
