1.0 0.8413095238095238 0.85328125 0.13517857142857143 0.1234375
1.0 0.5091964285714285 0.8476953125 0.1386011904761905 0.1128125
1.0 0.34833333333333333 0.8196875 0.14913690476190475 0.1180078125
1.0 0.23056547619047618 0.6237890625 0.12428571428571428 0.10359375
1.0 0.15395833333333334 0.3494140625 0.0656845238095238 0.051328125
1.0 0.29904761904761906 0.3696484375 0.08458333333333334 0.059140625
1.0 0.27375 0.339140625 0.08324404761904762 0.0509765625
1.0 0.20074404761904763 0.394921875 0.0575 0.051640625
1.0 0.4633928571428571 0.3625390625 0.0749702380952381 0.048046875
1.0 0.35443452380952384 0.45734375 0.07940476190476191 0.050234375
1.0 0.579047619047619 0.4757421875 0.08836309523809524 0.05984375
1.0 0.34348214285714285 0.48125 0.09241071428571429 0.073046875
1.0 0.55 0.503515625 0.09663690476190476 0.06265625
1.0 0.7299107142857143 0.4791796875 0.08654761904761904 0.05203125
1.0 0.7391666666666667 0.5048828125 0.09199404761904761 0.0698046875
1.0 0.8451190476190475 0.6876171875 0.11726190476190476 0.079453125
