1.0 0.8824404761904762 0.8752734375 0.12678571428571428 0.124453125
1.0 0.5497619047619048 0.86984375 0.14163690476190477 0.115078125
1.0 0.3870238095238095 0.841953125 0.15273809523809523 0.1231640625
1.0 0.26035714285714284 0.6393359375 0.12782738095238097 0.10578125
1.0 0.14318452380952382 0.3462890625 0.0643452380952381 0.051484375
1.0 0.28776785714285713 0.365703125 0.08398809523809524 0.0587890625
1.0 0.2626190476190476 0.3350390625 0.08273809523809524 0.0509765625
1.0 0.18806547619047617 0.389609375 0.05672619047619047 0.051328125
1.0 0.45145833333333335 0.3584765625 0.07467261904761904 0.047734375
1.0 0.3400297619047619 0.4509765625 0.07791666666666666 0.05046875
1.0 0.5638988095238096 0.4703125 0.08741071428571429 0.0594140625
1.0 0.3215773809523809 0.471953125 0.09136904761904761 0.071953125
1.0 0.5336904761904762 0.4971875 0.09526785714285714 0.0617578125
1.0 0.7119642857142857 0.4728125 0.08544642857142858 0.0514453125
1.0 0.7211607142857143 0.4983984375 0.09125 0.0693359375
1.0 0.8128869047619047 0.674296875 0.11675595238095238 0.079453125
