1.0 0.9030059523809525 0.88625 0.12261904761904763 0.124921875
1.0 0.570029761904762 0.880859375 0.1431547619047619 0.116171875
1.0 0.40633928571428574 0.8530859375 0.15452380952380954 0.125703125
1.0 0.2752678571428571 0.647109375 0.12958333333333333 0.106875
1.0 0.1375595238095238 0.3446484375 0.06300595238095238 0.0512109375
1.0 0.28211309523809525 0.36375 0.08369047619047619 0.0586328125
1.0 0.25705357142857144 0.3330078125 0.08249999999999999 0.0509765625
1.0 0.18172619047619049 0.3869140625 0.05633928571428572 0.0511328125
1.0 0.44547619047619047 0.3564453125 0.07452380952380952 0.0475390625
1.0 0.33285714285714285 0.4478125 0.07720238095238095 0.0505859375
1.0 0.5562797619047619 0.467578125 0.08696428571428572 0.0591796875
1.0 0.3118452380952381 0.4680078125 0.09050595238095238 0.0707421875
1.0 0.5255654761904762 0.493984375 0.09458333333333334 0.061328125
1.0 0.7029761904761904 0.469609375 0.08491071428571428 0.051171875
1.0 0.712172619047619 0.49515625 0.09086309523809524 0.0691015625
1.0 0.7967559523809523 0.6676171875 0.11651785714285715 0.079453125
