1.0 0.9235416666666667 0.897265625 0.11842261904761904 0.1254296875
1.0 0.590297619047619 0.891953125 0.14470238095238094 0.1173046875
1.0 0.4256845238095238 0.86421875 0.1563392857142857 0.12828125
1.0 0.29017857142857145 0.6548828125 0.1313690476190476 0.1079296875
1.0 0.13196428571428573 0.343046875 0.061696428571428576 0.0509765625
1.0 0.27645833333333336 0.3617578125 0.08339285714285714 0.0584765625
1.0 0.25145833333333334 0.3309375 0.08226190476190476 0.0509765625
1.0 0.17535714285714285 0.3842578125 0.055982142857142855 0.0509765625
1.0 0.4394940476190476 0.3544140625 0.0744047619047619 0.0473828125
1.0 0.32568452380952384 0.444609375 0.07645833333333334 0.0507421875
1.0 0.5486904761904763 0.464921875 0.08648809523809524 0.0589453125
1.0 0.30211309523809526 0.4640625 0.08961309523809524 0.06953125
1.0 0.5173809523809524 0.4908203125 0.09389880952380952 0.060859375
1.0 0.6940178571428571 0.46640625 0.0843452380952381 0.050859375
1.0 0.703125 0.491875 0.09050595238095238 0.06890625
1.0 0.7824107142857143 0.6616796875 0.11526785714285713 0.0790234375
