1.0 0.9441369047619048 0.9082421875 0.11422619047619048 0.1259375
1.0 0.6105654761904762 0.9030078125 0.1462202380952381 0.1184375
1.0 0.445 0.875390625 0.15812500000000002 0.130859375
1.0 0.3094345238095238 0.6651171875 0.13392857142857142 0.1096875
1.0 0.27154761904761904 0.3601171875 0.08327380952380953 0.058359375
1.0 0.24589285714285716 0.32890625 0.08202380952380953 0.0509765625
1.0 0.16982142857142857 0.38171875 0.05494047619047619 0.0508203125
1.0 0.43351190476190476 0.352421875 0.07425595238095238 0.0472265625
1.0 0.3184821428571429 0.4414453125 0.07574404761904761 0.050859375
1.0 0.5411011904761904 0.4621875 0.08601190476190476 0.05875
1.0 0.29238095238095235 0.4601171875 0.08875 0.06828125
1.0 0.5092559523809524 0.4876171875 0.09321428571428572 0.0604296875
1.0 0.6850595238095238 0.463203125 0.0837797619047619 0.0505859375
1.0 0.6941369047619047 0.48859375 0.09011904761904763 0.068671875
1.0 0.768095238095238 0.65578125 0.11398809523809524 0.0785546875
