1.0 0.6805059523809524 0.9322265625 0.1544345238095238 0.1049609375
1.0 0.5051488095238095 0.9038671875 0.16580357142857144 0.1253125
1.0 0.3672619047619048 0.695859375 0.14163690476190477 0.114921875
1.0 0.2567857142857143 0.3551171875 0.08288690476190477 0.058046875
1.0 0.22919642857142858 0.3227734375 0.0813095238095238 0.0509765625
1.0 0.1532142857142857 0.3740625 0.0518452380952381 0.050390625
1.0 0.41675595238095237 0.3475390625 0.07309523809523809 0.046484375
1.0 0.2969345238095238 0.431875 0.07354166666666667 0.0512109375
1.0 0.5183035714285714 0.4540234375 0.08458333333333334 0.0580859375
1.0 0.2631547619047619 0.4482421875 0.08607142857142858 0.064609375
1.0 0.4847916666666666 0.478125 0.09116071428571429 0.0590625
1.0 0.658125 0.4536328125 0.08214285714285714 0.0497265625
1.0 0.6670833333333333 0.478828125 0.08901785714285715 0.0680078125
1.0 0.7250892857142857 0.6380078125 0.11023809523809523 0.0772265625
