1.0 0.7038095238095238 0.9419921875 0.15717261904761906 0.10046875
1.0 0.5255654761904762 0.9125390625 0.1687202380952381 0.1212109375
1.0 0.38654761904761903 0.7061328125 0.14422619047619048 0.1166796875
1.0 0.25187499999999996 0.3534765625 0.08276785714285714 0.0579296875
1.0 0.22363095238095237 0.320703125 0.08107142857142857 0.0509765625
1.0 0.1476785714285714 0.3715234375 0.05083333333333333 0.050234375
1.0 0.41119047619047616 0.3458984375 0.07273809523809524 0.0462109375
1.0 0.2897321428571428 0.428671875 0.07282738095238095 0.051328125
1.0 0.5107142857142857 0.451328125 0.08413690476190476 0.0578515625
1.0 0.2534226190476191 0.444296875 0.08520833333333333 0.0633984375
1.0 0.4766666666666667 0.474921875 0.09047619047619047 0.0586328125
1.0 0.6491666666666667 0.45046875 0.08157738095238096 0.0494140625
1.0 0.6580952380952381 0.475546875 0.08863095238095238 0.0677734375
1.0 0.7107738095238095 0.632109375 0.10898809523809523 0.0767578125
