1.0 0.7271130952380952 0.95171875 0.15991071428571427 0.0959375
1.0 0.545952380952381 0.9212109375 0.17166666666666666 0.1171484375
1.0 0.4058333333333334 0.716328125 0.1467857142857143 0.1184375
1.0 0.24696428571428572 0.351796875 0.08264880952380953 0.0578125
1.0 0.21806547619047617 0.318671875 0.08080357142857142 0.0509765625
1.0 0.14211309523809523 0.368984375 0.049791666666666665 0.050078125
1.0 0.4055952380952381 0.344296875 0.07235119047619047 0.0459765625
1.0 0.2825595238095238 0.4255078125 0.07208333333333333 0.051484375
1.0 0.503125 0.4486328125 0.08366071428571428 0.0576171875
1.0 0.24369047619047618 0.4403515625 0.08431547619047619 0.0621484375
1.0 0.46851190476190474 0.471796875 0.08979166666666667 0.0581640625
1.0 0.6401785714285714 0.447265625 0.08104166666666666 0.049140625
1.0 0.649077380952381 0.4723046875 0.08827380952380952 0.0675390625
1.0 0.6964285714285714 0.626171875 0.10770833333333332 0.076328125
