1.0 0.5663392857142857 0.92984375 0.17461309523809523 0.1130859375
1.0 0.4250892857142857 0.7265625 0.1493452380952381 0.1201953125
1.0 0.24205357142857142 0.35015625 0.08252976190476191 0.057734375
1.0 0.13657738095238095 0.36640625 0.04877976190476191 0.049921875
1.0 0.4000297619047619 0.34265625 0.07196428571428572 0.0457421875
1.0 0.27535714285714286 0.4223046875 0.07136904761904762 0.0516015625
1.0 0.4955357142857143 0.4458984375 0.0831845238095238 0.057421875
1.0 0.23395833333333332 0.43640625 0.08345238095238094 0.0609375
1.0 0.46035714285714285 0.46859375 0.08910714285714286 0.057734375
1.0 0.6312202380952381 0.4440625 0.08047619047619048 0.048828125
1.0 0.6400892857142857 0.4690625 0.08788690476190476 0.0673046875
1.0 0.6820833333333334 0.620234375 0.10645833333333335 0.075859375
