1.0 0.4829464285714286 0.75734375 0.15705357142857143 0.1254296875
1.0 0.065 0.596640625 0.09050595238095238 0.0898046875
1.0 0.07630952380952381 0.5417578125 0.10053571428571428 0.08640625
1.0 0.22729166666666667 0.34515625 0.08217261904761905 0.0573828125
1.0 0.1199702380952381 0.3587890625 0.04568452380952381 0.0494921875
1.0 0.3832738095238095 0.3377734375 0.07083333333333333 0.0449609375
1.0 0.2538095238095238 0.412734375 0.06916666666666667 0.051953125
1.0 0.47383928571428574 0.438046875 0.08175595238095237 0.0566015625
1.0 0.2062797619047619 0.4250390625 0.08047619047619048 0.0586328125
1.0 0.43883928571428565 0.46 0.08755952380952381 0.0574609375
1.0 0.6042857142857143 0.4344921875 0.07880952380952382 0.04796875
1.0 0.6130357142857142 0.4592578125 0.08678571428571429 0.066640625
1.0 0.6405654761904762 0.6033984375 0.10318452380952381 0.0747265625
1.0 0.9344047619047618 0.6071484375 0.08872023809523809 0.0684765625
