1.0 0.502202380952381 0.767578125 0.15964285714285714 0.1271875
1.0 0.076875 0.6036328125 0.0919047619047619 0.0911328125
1.0 0.08958333333333333 0.54890625 0.10279761904761904 0.08765625
1.0 0.22238095238095237 0.343515625 0.08205357142857143 0.0573046875
1.0 0.3784226190476191 0.336171875 0.07029761904761905 0.044765625
1.0 0.24660714285714286 0.4095703125 0.06845238095238096 0.052109375
1.0 0.4673214285714286 0.435625 0.0812797619047619 0.0562109375
1.0 0.1980952380952381 0.4216015625 0.07928571428571429 0.05875
1.0 0.4316964285714286 0.457109375 0.08708333333333333 0.0573828125
1.0 0.5970238095238095 0.43203125 0.07842261904761905 0.047890625
1.0 0.604047619047619 0.4559765625 0.08642857142857142 0.06640625
1.0 0.6277083333333333 0.5983984375 0.10244047619047619 0.074453125
1.0 0.9238392857142858 0.60390625 0.08967261904761904 0.068984375
