1.0 0.5214880952380953 0.7778125 0.16220238095238096 0.1289453125
1.0 0.08875 0.610625 0.09327380952380952 0.0924609375
1.0 0.10288690476190476 0.5560546875 0.10508928571428572 0.0888671875
1.0 0.21747023809523808 0.3418359375 0.0819047619047619 0.0571875
1.0 0.3736011904761905 0.3345703125 0.06976190476190476 0.04453125
1.0 0.23943452380952382 0.4063671875 0.06770833333333333 0.0522265625
1.0 0.4608035714285715 0.4331640625 0.08080357142857142 0.055859375
1.0 0.1899107142857143 0.418125 0.07806547619047619 0.05890625
1.0 0.42449404761904763 0.45421875 0.08654761904761904 0.0573046875
1.0 0.5897916666666666 0.4295703125 0.07803571428571428 0.0478515625
1.0 0.595 0.452734375 0.08604166666666667 0.066171875
1.0 0.6148511904761905 0.5933984375 0.10166666666666666 0.07421875
1.0 0.9132738095238095 0.6006640625 0.090625 0.069453125
