1.0 0.5458035714285714 0.79 0.16404761904761905 0.1305859375
1.0 0.10059523809523808 0.6176171875 0.09467261904761905 0.0937890625
1.0 0.11616071428571428 0.563203125 0.10738095238095238 0.090078125
1.0 0.2125595238095238 0.3401953125 0.08178571428571428 0.0570703125
1.0 0.36875 0.3329296875 0.06922619047619048 0.044296875
1.0 0.23223214285714286 0.403203125 0.06699404761904762 0.05234375
1.0 0.45428571428571424 0.4307421875 0.08035714285714286 0.05546875
1.0 0.18169642857142856 0.4146875 0.076875 0.0590625
1.0 0.41735119047619046 0.451328125 0.08604166666666667 0.0572265625
1.0 0.5825297619047619 0.4271875 0.07761904761904762 0.0477734375
1.0 0.5860119047619048 0.449453125 0.08568452380952381 0.0659765625
1.0 0.6019940476190476 0.5884375 0.10089285714285715 0.0739453125
1.0 0.9027083333333333 0.597421875 0.09157738095238095 0.0699609375
