1.0 0.5701190476190476 0.802265625 0.16586309523809523 0.1322265625
1.0 0.1124702380952381 0.624609375 0.09607142857142857 0.0951171875
1.0 0.12946428571428573 0.570390625 0.10967261904761905 0.091328125
1.0 0.20761904761904765 0.3385546875 0.08166666666666667 0.056953125
1.0 0.36392857142857143 0.331328125 0.0687202380952381 0.0440625
1.0 0.22505952380952382 0.4 0.06625 0.0524609375
1.0 0.4477678571428571 0.42828125 0.07988095238095239 0.055078125
1.0 0.17351190476190476 0.41125 0.07568452380952381 0.05921875
1.0 0.4101785714285714 0.4484765625 0.08553571428571428 0.0571484375
1.0 0.5752678571428571 0.4247265625 0.07723214285714286 0.047734375
1.0 0.5786011904761905 0.447109375 0.08520833333333333 0.0656640625
1.0 0.5891369047619047 0.5834375 0.10014880952380951 0.0737109375
1.0 0.8921428571428571 0.594140625 0.0925297619047619 0.07046875
