1.0 0.6431547619047618 0.83890625 0.17133928571428572 0.1371875
1.0 0.1480654761904762 0.645625 0.10026785714285713 0.0991015625
1.0 0.1693452380952381 0.5918359375 0.11651785714285715 0.095
1.0 0.19479166666666667 0.3337890625 0.07958333333333333 0.056953125
1.0 0.3494345238095238 0.326484375 0.06714285714285714 0.043359375
1.0 0.205625 0.391015625 0.06625 0.0524609375
1.0 0.4281845238095238 0.421015625 0.07845238095238095 0.053984375
1.0 0.14892857142857144 0.4008984375 0.07208333333333333 0.0596875
1.0 0.38946428571428576 0.44015625 0.08410714285714287 0.056875
1.0 0.5535119047619047 0.4173828125 0.07604166666666667 0.0475
1.0 0.5563392857142857 0.4398828125 0.08383928571428571 0.064765625
1.0 0.5505952380952381 0.5684375 0.09785714285714286 0.07296875
1.0 0.8671726190476191 0.58578125 0.09449404761904762 0.0691796875
