1.0 0.6917857142857142 0.863359375 0.175 0.14046875
1.0 0.1755654761904762 0.6619140625 0.10339285714285715 0.1018359375
1.0 0.19592261904761904 0.6061328125 0.12107142857142857 0.0974609375
1.0 0.1862202380952381 0.330625 0.07818452380952381 0.056953125
1.0 0.33976190476190476 0.3232421875 0.06607142857142857 0.042890625
1.0 0.19267857142857142 0.385 0.06625 0.0524609375
1.0 0.41514880952380956 0.4161328125 0.0775 0.053203125
1.0 0.1325297619047619 0.3940234375 0.06967261904761905 0.0599609375
1.0 0.3767559523809524 0.435 0.08330357142857142 0.056640625
1.0 0.5390178571428572 0.4125 0.07523809523809524 0.0473828125
1.0 0.5414583333333334 0.435078125 0.08291666666666667 0.0641796875
1.0 0.5248809523809524 0.5584375 0.09633928571428571 0.0724609375
1.0 0.8505357142857142 0.580234375 0.09577380952380952 0.0683203125
1.0 0.9266666666666667 0.5436328125 0.10508928571428572 0.0659765625
1.0 0.9389880952380952 0.6893359375 0.11535714285714285 0.0809765625
