1.0 0.7404464285714285 0.8877734375 0.17866071428571428 0.1437890625
1.0 0.2068154761904762 0.680390625 0.1068154761904762 0.104609375
1.0 0.23026785714285716 0.625 0.12711309523809525 0.10046875
1.0 0.17764880952380951 0.3274609375 0.07678571428571429 0.056953125
1.0 0.3300892857142857 0.3200390625 0.06502976190476191 0.042421875
1.0 0.18041666666666667 0.379453125 0.06586309523809523 0.051875
1.0 0.4021130952380953 0.41125 0.07654761904761904 0.0524609375
1.0 0.36401785714285717 0.4298828125 0.08249999999999999 0.0564453125
1.0 0.5245535714285714 0.4076171875 0.07443452380952381 0.047265625
1.0 0.5266369047619047 0.4303125 0.08202380952380953 0.0635546875
1.0 0.49919642857142854 0.5484375 0.09482142857142857 0.071953125
1.0 0.8338988095238096 0.5746875 0.09708333333333333 0.0674609375
1.0 0.907797619047619 0.537109375 0.10508928571428572 0.0659765625
1.0 0.9108630952380953 0.6775390625 0.11452380952380951 0.07984375
