1.0 0.7647916666666668 0.9 0.18047619047619048 0.1454296875
1.0 0.2224404761904762 0.6896875 0.10851190476190477 0.106015625
1.0 0.24744047619047618 0.6344140625 0.13014880952380953 0.101953125
1.0 0.17336309523809523 0.325859375 0.07610119047619048 0.056953125
1.0 0.32526785714285716 0.3183984375 0.06449404761904762 0.0422265625
1.0 0.17461309523809523 0.3769140625 0.06544642857142857 0.0512890625
1.0 0.39633928571428567 0.409140625 0.07654761904761904 0.0524609375
1.0 0.3576488095238095 0.4273046875 0.08208333333333333 0.056328125
1.0 0.5172916666666667 0.40515625 0.07404761904761904 0.0471875
1.0 0.5191964285714286 0.427890625 0.08154761904761905 0.06328125
1.0 0.4879761904761905 0.54359375 0.09366071428571428 0.0709765625
1.0 0.8250297619047618 0.5713671875 0.09669642857142857 0.0671484375
1.0 0.8983333333333332 0.533828125 0.10508928571428572 0.0659765625
1.0 0.8968154761904762 0.6716796875 0.11407738095238094 0.0792578125
