1.0 0.7880952380952382 0.90828125 0.17526785714285714 0.1370703125
1.0 0.2380654761904762 0.6989453125 0.11023809523809523 0.107421875
1.0 0.26461309523809523 0.643828125 0.13315476190476191 0.1034375
1.0 0.16907738095238095 0.324296875 0.07538690476190475 0.056953125
1.0 0.3204464285714286 0.316796875 0.06395833333333333 0.0419921875
1.0 0.1688392857142857 0.374375 0.0650595238095238 0.0506640625
1.0 0.39056547619047616 0.40703125 0.07654761904761904 0.0524609375
1.0 0.3512797619047619 0.424765625 0.08166666666666667 0.0562109375
1.0 0.5100297619047619 0.4026953125 0.07366071428571429 0.047109375
1.0 0.5117857142857143 0.4255078125 0.08110119047619048 0.06296875
1.0 0.47672619047619047 0.5387890625 0.0925297619047619 0.0699609375
1.0 0.8161904761904762 0.568125 0.09627976190476191 0.0668359375
1.0 0.8888690476190477 0.530546875 0.10508928571428572 0.0659765625
1.0 0.8827083333333332 0.66578125 0.11366071428571428 0.0787109375
