1.0 0.8347916666666667 0.924765625 0.1648214285714286 0.1203515625
1.0 0.2693154761904762 0.7175 0.11366071428571428 0.1101953125
1.0 0.2989880952380952 0.66265625 0.13919642857142858 0.1064453125
1.0 0.16080357142857143 0.3230859375 0.07339285714285715 0.0537890625
1.0 0.31157738095238097 0.3141015625 0.06315476190476191 0.0419921875
1.0 0.15723214285714285 0.3692578125 0.06425595238095239 0.0494921875
1.0 0.379047619047619 0.4028515625 0.07654761904761904 0.0524609375
1.0 0.3385416666666667 0.419609375 0.08086309523809525 0.056015625
1.0 0.4955357142857143 0.3978125 0.07285714285714286 0.0469921875
1.0 0.49776785714285715 0.420859375 0.08053571428571428 0.062734375
1.0 0.45428571428571424 0.5291015625 0.09023809523809524 0.06796875
1.0 0.7984821428571429 0.5616015625 0.09547619047619046 0.066171875
1.0 0.87 0.5240234375 0.10508928571428572 0.0659765625
1.0 0.8545833333333333 0.6539453125 0.11279761904761905 0.077578125
