1.0 0.8581249999999999 0.9330078125 0.15958333333333333 0.11203125
1.0 0.2849404761904762 0.72671875 0.11535714285714285 0.1116015625
1.0 0.3161607142857143 0.6721484375 0.14220238095238097 0.1079296875
1.0 0.15666666666666668 0.3224609375 0.07238095238095238 0.0521875
1.0 0.30714285714285716 0.312734375 0.06276785714285714 0.0419921875
1.0 0.15142857142857144 0.36671875 0.06386904761904762 0.0488671875
1.0 0.3732738095238095 0.4007421875 0.07654761904761904 0.0524609375
1.0 0.332172619047619 0.41703125 0.08044642857142857 0.0558984375
1.0 0.48827380952380955 0.395390625 0.0724702380952381 0.046953125
1.0 0.49077380952380956 0.4185546875 0.08023809523809525 0.062578125
1.0 0.4430357142857143 0.5242578125 0.08910714285714286 0.066953125
1.0 0.7896428571428571 0.5583203125 0.09505952380952382 0.065859375
1.0 0.8605357142857143 0.5207421875 0.10508928571428572 0.0659765625
1.0 0.8405357142857144 0.648046875 0.11238095238095237 0.07703125
