1.0 0.9047916666666667 0.9494921875 0.14913690476190475 0.0953125
1.0 0.3161904761904762 0.7452734375 0.11880952380952381 0.114375
1.0 0.3505059523809524 0.6909765625 0.14824404761904764 0.1109375
1.0 0.14839285714285713 0.32125 0.07038690476190476 0.0490234375
1.0 0.29830357142857145 0.3100390625 0.061964285714285715 0.0419921875
1.0 0.1398511904761905 0.361640625 0.0630654761904762 0.04765625
1.0 0.3617261904761905 0.3965625 0.07654761904761904 0.0524609375
1.0 0.3194642857142857 0.411875 0.07964285714285715 0.055703125
1.0 0.4737797619047619 0.39046875 0.07166666666666666 0.046796875
1.0 0.47678571428571426 0.4139453125 0.07967261904761905 0.06234375
1.0 0.4205654761904762 0.5146484375 0.08681547619047619 0.0649609375
1.0 0.771904761904762 0.551796875 0.09422619047619048 0.065234375
1.0 0.8416071428571428 0.51421875 0.10508928571428572 0.0659765625
1.0 0.8134821428571428 0.637265625 0.11145833333333334 0.0762109375
