1.0 0.9281250000000001 0.957734375 0.14392857142857143 0.086953125
1.0 0.3318154761904762 0.75453125 0.12050595238095238 0.11578125
1.0 0.36767857142857147 0.700390625 0.1512797619047619 0.1124609375
1.0 0.14422619047619048 0.320625 0.0694047619047619 0.047421875
1.0 0.2938690476190476 0.3087109375 0.06157738095238095 0.0419921875
1.0 0.13404761904761905 0.3590625 0.06264880952380952 0.0470703125
1.0 0.35598214285714286 0.394453125 0.07654761904761904 0.0524609375
1.0 0.3130952380952381 0.4093359375 0.07922619047619048 0.0555859375
1.0 0.46651785714285715 0.388046875 0.0712797619047619 0.04671875
1.0 0.46979166666666666 0.411640625 0.07940476190476191 0.0622265625
1.0 0.4093452380952381 0.5098046875 0.08568452380952381 0.063984375
1.0 0.7630654761904762 0.5485546875 0.09383928571428572 0.0648828125
1.0 0.832202380952381 0.5109375 0.10508928571428572 0.0659765625
1.0 0.8005059523809525 0.6323828125 0.11098214285714285 0.0759765625
