1.0 0.3630654761904762 0.773046875 0.12392857142857143 0.1185546875
1.0 0.40202380952380956 0.7192578125 0.15732142857142856 0.1154296875
1.0 0.06398809523809523 0.646640625 0.11080357142857142 0.124453125
1.0 0.03943452380952381 0.5135546875 0.07309523809523809 0.0846875
1.0 0.13595238095238096 0.3194140625 0.06738095238095239 0.04421875
1.0 0.28502976190476187 0.306015625 0.06077380952380953 0.0419921875
1.0 0.34443452380952383 0.3902734375 0.07654761904761904 0.0524609375
1.0 0.3007142857142857 0.404609375 0.07827380952380952 0.05546875
1.0 0.4520238095238095 0.3831640625 0.07047619047619047 0.0466015625
1.0 0.4558035714285714 0.4069921875 0.07880952380952382 0.061953125
1.0 0.38821428571428573 0.501015625 0.08386904761904762 0.062734375
1.0 0.7453869047619047 0.5419921875 0.09300595238095238 0.0642578125
1.0 0.8151785714285713 0.5054296875 0.10422619047619049 0.065390625
1.0 0.7744940476190477 0.62265625 0.11002976190476191 0.07546875
