1.0 0.39877976190476194 0.793828125 0.1269345238095238 0.119765625
1.0 0.43636904761904766 0.7380859375 0.16333333333333333 0.1184375
1.0 0.08711309523809524 0.6634765625 0.119375 0.123671875
1.0 0.06366071428571429 0.52828125 0.07675595238095238 0.0853125
1.0 0.2761607142857143 0.3033203125 0.05997023809523809 0.0419921875
1.0 0.33342261904761905 0.3865625 0.07538690476190475 0.0524609375
1.0 0.28869047619047616 0.4003125 0.07723214285714286 0.05546875
1.0 0.4375297619047619 0.37828125 0.06967261904761905 0.046484375
1.0 0.4418154761904762 0.4023828125 0.07824404761904762 0.06171875
1.0 0.36839285714285713 0.493125 0.08252976190476191 0.0622265625
1.0 0.7276488095238095 0.53546875 0.09220238095238095 0.06359375
1.0 0.7982142857142857 0.4998828125 0.10339285714285715 0.06484375
1.0 0.7485119047619048 0.612890625 0.10907738095238095 0.0749609375
