1.0 0.4388988095238095 0.816875 0.12949404761904762 0.119375
1.0 0.4829761904761905 0.761640625 0.16854166666666667 0.1219921875
1.0 0.11026785714285714 0.680390625 0.12794642857142857 0.1229296875
1.0 0.08785714285714286 0.54296875 0.08041666666666666 0.0858984375
1.0 0.2681845238095238 0.301953125 0.05997023809523809 0.038671875
1.0 0.3224107142857143 0.3828515625 0.07425595238095238 0.0524609375
1.0 0.2766369047619048 0.3960546875 0.07616071428571429 0.05546875
1.0 0.42520833333333335 0.3741796875 0.06919642857142858 0.0460546875
1.0 0.4277976190476191 0.397734375 0.07767857142857143 0.061484375
1.0 0.3486011904761905 0.4852734375 0.08119047619047619 0.06171875
1.0 0.7099404761904762 0.5289453125 0.09136904761904761 0.06296875
1.0 0.7811904761904762 0.494375 0.10252976190476192 0.064296875
1.0 0.7225297619047619 0.6031640625 0.108125 0.074453125
