1.0 0.4990476190476191 0.851484375 0.13336309523809525 0.118828125
1.0 0.5529464285714285 0.79703125 0.17633928571428573 0.1273046875
1.0 0.15455357142857143 0.7076953125 0.13267857142857142 0.1284765625
1.0 0.13074404761904762 0.567265625 0.08610119047619047 0.087890625
1.0 0.2561904761904762 0.299921875 0.05997023809523809 0.03375
1.0 0.3059226190476191 0.3773046875 0.0725297619047619 0.0524609375
1.0 0.25860119047619046 0.389609375 0.07458333333333333 0.05546875
1.0 0.4067857142857143 0.3680078125 0.06845238095238096 0.045390625
1.0 0.41068452380952386 0.3904296875 0.07553571428571429 0.061484375
1.0 0.31889880952380956 0.4734375 0.07919642857142857 0.0609765625
1.0 0.6869047619047619 0.520078125 0.09023809523809524 0.0612109375
1.0 0.7557142857142857 0.4860546875 0.10125 0.0634375
1.0 0.6835416666666666 0.5885546875 0.10669642857142858 0.0737109375
1.0 0.8294642857142857 0.601171875 0.27842261904761906 0.15421875
