1.0 0.5619345238095238 0.8851171875 0.1380357142857143 0.1196875
1.0 0.6228869047619048 0.832421875 0.18410714285714286 0.1326171875
1.0 0.19883928571428572 0.735 0.1374404761904762 0.1340234375
1.0 0.1769047619047619 0.5926953125 0.091875 0.0904296875
1.0 0.2894047619047619 0.3717578125 0.07083333333333333 0.0524609375
1.0 0.24053571428571427 0.383203125 0.07297619047619047 0.05546875
1.0 0.38836309523809526 0.3618359375 0.06770833333333333 0.044765625
1.0 0.3935416666666666 0.383125 0.07339285714285715 0.061484375
1.0 0.28922619047619047 0.4616796875 0.07720238095238095 0.060234375
1.0 0.6638988095238095 0.511171875 0.08910714285714286 0.059453125
1.0 0.7302380952380952 0.4777734375 0.09994047619047619 0.062578125
1.0 0.6478869047619048 0.5744921875 0.10482142857142857 0.0728125
1.0 0.7962797619047619 0.588125 0.27458333333333335 0.15171875
