1.0 0.584672619047619 0.8957421875 0.14011904761904762 0.1209375
1.0 0.6461904761904762 0.8441796875 0.1867261904761905 0.134375
1.0 0.21357142857142858 0.744140625 0.13901785714285714 0.135859375
1.0 0.19229166666666667 0.601171875 0.09380952380952381 0.09125
1.0 0.2838988095238095 0.369921875 0.07023809523809524 0.0524609375
1.0 0.23452380952380952 0.3810546875 0.0724404761904762 0.05546875
1.0 0.3822023809523809 0.3598046875 0.0674702380952381 0.04453125
1.0 0.38782738095238095 0.380703125 0.07267857142857144 0.061484375
1.0 0.2793154761904762 0.457734375 0.07654761904761904 0.0599609375
1.0 0.6561904761904762 0.5082421875 0.08872023809523809 0.05890625
1.0 0.7217261904761905 0.4750390625 0.09952380952380951 0.0623046875
1.0 0.6365773809523809 0.569921875 0.10413690476190476 0.0724609375
1.0 0.7852083333333333 0.58375 0.2733035714285714 0.150859375
