1.0 0.8782142857142856 0.93203125 0.19089285714285714 0.1195703125
1.0 0.3614583333333333 0.829609375 0.15589285714285714 0.14484375
1.0 0.33074404761904763 0.6775 0.1111607142857143 0.0988671875
1.0 0.10482142857142857 0.6177734375 0.09880952380952382 0.09671875
1.0 0.23770833333333335 0.3541015625 0.06735119047619047 0.0511328125
1.0 0.18625 0.3603515625 0.06788690476190476 0.0528515625
1.0 0.32687499999999997 0.341328125 0.06526785714285714 0.0426171875
1.0 0.3354166666666667 0.3621484375 0.0699702380952381 0.061484375
1.0 0.20113095238095238 0.4259765625 0.07324404761904761 0.0590234375
1.0 0.5871130952380953 0.481640625 0.08529761904761905 0.0536328125
1.0 0.6490178571428571 0.4491796875 0.09532738095238096 0.056953125
1.0 0.5346130952380952 0.528671875 0.09785714285714286 0.069453125
1.0 0.685625 0.54453125 0.26172619047619045 0.14328125
1.0 0.8924404761904763 0.709609375 0.12166666666666667 0.08546875
1.0 0.948125 0.6158984375 0.10622023809523809 0.0809765625
