1.0 0.460297619047619 0.8809375 0.1681845238095238 0.14140625
1.0 0.4306547619047619 0.729609375 0.12098214285714286 0.1084375
1.0 0.16166666666666668 0.651875 0.10738095238095238 0.101953125
1.0 0.21354166666666666 0.3456640625 0.06672619047619048 0.0498046875
1.0 0.16089285714285714 0.3496875 0.065625 0.0524609375
1.0 0.2978273809523809 0.331796875 0.06425595238095239 0.041875
1.0 0.30625 0.3520703125 0.0687202380952381 0.061484375
1.0 0.16276785714285713 0.4093359375 0.06788690476190476 0.0585546875
1.0 0.5513988095238096 0.468515625 0.08133928571428571 0.0524609375
1.0 0.6105059523809524 0.43515625 0.0931547619047619 0.053828125
1.0 0.47797619047619044 0.50578125 0.094375 0.0678125
1.0 0.6357142857142857 0.5261328125 0.25244047619047616 0.1412890625
1.0 0.8151190476190476 0.6777734375 0.12026785714285713 0.083515625
1.0 0.9019642857142858 0.5990234375 0.10526785714285714 0.0797265625
