1.0 0.4800892857142857 0.891171875 0.17065476190476192 0.140703125
1.0 0.4518154761904762 0.7405078125 0.12294642857142858 0.110625
1.0 0.17595238095238094 0.66078125 0.10824404761904761 0.1025
1.0 0.20872023809523807 0.343984375 0.06660714285714285 0.04953125
1.0 0.15586309523809522 0.3476171875 0.06517857142857142 0.0524609375
1.0 0.2925 0.3301171875 0.06410714285714285 0.0418359375
1.0 0.30041666666666667 0.350078125 0.06845238095238096 0.061484375
1.0 0.1550892857142857 0.406015625 0.06681547619047619 0.0584765625
1.0 0.5446130952380953 0.4661328125 0.08026785714285714 0.0524609375
1.0 0.6033928571428572 0.4328515625 0.09291666666666666 0.053671875
1.0 0.4666666666666667 0.5012109375 0.09366071428571428 0.0674609375
1.0 0.6259821428571429 0.5226171875 0.25044642857142857 0.141015625
1.0 0.7989880952380952 0.6716796875 0.11961309523809523 0.082890625
1.0 0.8927380952380952 0.5956640625 0.10508928571428572 0.079453125
