1.0 0.5196130952380953 0.91171875 0.1755654761904762 0.139296875
1.0 0.4940773809523809 0.76234375 0.1269047619047619 0.1149609375
1.0 0.2044940476190476 0.67859375 0.10994047619047619 0.1036328125
1.0 0.19904761904761903 0.3405859375 0.06636904761904762 0.048984375
1.0 0.14577380952380953 0.3434375 0.0642857142857143 0.0524609375
1.0 0.281875 0.32671875 0.06380952380952382 0.04171875
1.0 0.28875 0.346015625 0.06797619047619048 0.061484375
1.0 0.13776785714285714 0.3994921875 0.0656845238095238 0.0574609375
1.0 0.5310714285714285 0.461328125 0.078125 0.0524609375
1.0 0.5892261904761904 0.4281640625 0.09247023809523809 0.053359375
1.0 0.4468154761904762 0.4938671875 0.09220238095238095 0.0674609375
1.0 0.606577380952381 0.5155859375 0.24645833333333333 0.14046875
1.0 0.7666666666666667 0.659453125 0.11830357142857142 0.0816015625
1.0 0.8742261904761905 0.588828125 0.10508928571428572 0.0778125
