1.0 0.5394047619047619 0.921953125 0.1780357142857143 0.1386328125
1.0 0.5152083333333334 0.773203125 0.1288690476190476 0.1171484375
1.0 0.21877976190476192 0.6875 0.11080357142857142 0.10421875
1.0 0.1942261904761905 0.33890625 0.06625 0.0487109375
1.0 0.1407142857142857 0.3413671875 0.06383928571428571 0.0524609375
1.0 0.27654761904761904 0.3250390625 0.06369047619047619 0.041640625
1.0 0.2836011904761905 0.3444140625 0.06720238095238094 0.0608984375
1.0 0.12910714285714286 0.39625 0.06511904761904762 0.056953125
1.0 0.5243154761904761 0.4589453125 0.07705357142857143 0.0524609375
1.0 0.5821726190476191 0.425859375 0.09223214285714285 0.053203125
1.0 0.43690476190476196 0.4901953125 0.09148809523809523 0.0674609375
1.0 0.596875 0.5120703125 0.24446428571428572 0.1401953125
1.0 0.7505059523809523 0.653359375 0.11764880952380953 0.0809765625
1.0 0.865 0.5854296875 0.10508928571428572 0.0769921875
