1.0 0.5591666666666667 0.932265625 0.18047619047619048 0.1379296875
1.0 0.5363095238095238 0.7841015625 0.13083333333333333 0.1193359375
1.0 0.2330357142857143 0.69640625 0.11166666666666668 0.104765625
1.0 0.18982142857142859 0.337421875 0.0655952380952381 0.0485546875
1.0 0.1356845238095238 0.339296875 0.06339285714285714 0.0524609375
1.0 0.27125 0.323359375 0.06354166666666668 0.0416015625
1.0 0.27845238095238095 0.3427734375 0.06642857142857143 0.0603125
1.0 0.5175297619047619 0.4565234375 0.07601190476190475 0.0524609375
1.0 0.5750892857142856 0.423515625 0.09202380952380954 0.0530859375
1.0 0.42699404761904763 0.486484375 0.09077380952380952 0.0674609375
1.0 0.5871428571428572 0.5085546875 0.24244047619047618 0.1398828125
1.0 0.7361607142857143 0.64765625 0.11607142857142858 0.080390625
1.0 0.8557440476190475 0.58203125 0.10508928571428572 0.076171875
