1.0 0.5791666666666666 0.9382421875 0.1781845238095238 0.1259375
1.0 0.5574404761904762 0.795 0.13282738095238095 0.1215234375
1.0 0.24732142857142855 0.7052734375 0.11249999999999999 0.1053125
1.0 0.18544642857142857 0.3358984375 0.0649702380952381 0.048359375
1.0 0.26592261904761905 0.3216796875 0.06339285714285714 0.0415625
1.0 0.2733035714285714 0.341171875 0.0656845238095238 0.0597265625
1.0 0.5107440476190477 0.454140625 0.0749404761904762 0.0524609375
1.0 0.5680059523809524 0.4212109375 0.09178571428571429 0.0529296875
1.0 0.4170833333333333 0.4828125 0.0900297619047619 0.0674609375
1.0 0.5774702380952381 0.5050390625 0.2404464285714286 0.139609375
1.0 0.7218154761904761 0.641953125 0.11452380952380951 0.07984375
1.0 0.8464880952380953 0.5786328125 0.10508928571428572 0.075390625
