1.0 0.6191369047619047 0.950234375 0.17363095238095239 0.101953125
1.0 0.6039583333333334 0.8176171875 0.13571428571428573 0.123671875
1.0 0.27589285714285716 0.723125 0.11422619047619048 0.1064453125
1.0 0.17663690476190477 0.3329296875 0.06369047619047619 0.04796875
1.0 0.25529761904761905 0.31828125 0.0630952380952381 0.0414453125
1.0 0.26303571428571426 0.3379296875 0.06416666666666666 0.0585546875
1.0 0.49717261904761906 0.4493359375 0.07279761904761906 0.0524609375
1.0 0.5538392857142858 0.4165625 0.09130952380952381 0.0526171875
1.0 0.39723214285714287 0.47546875 0.08857142857142858 0.0674609375
1.0 0.5580059523809524 0.4980078125 0.23645833333333335 0.1390625
1.0 0.6930952380952381 0.630546875 0.11136904761904762 0.0787109375
1.0 0.8280357142857143 0.571796875 0.10508928571428572 0.07375
