1.0 0.056220238095238094 0.340390625 0.10657738095238097 0.0659375
1.0 0.2989880952380952 0.371015625 0.1606845238095238 0.08359375
1.0 0.4679761904761905 0.3278515625 0.13422619047619047 0.076484375
1.0 0.5125 0.2944921875 0.12205357142857143 0.0670703125
1.0 0.7207440476190475 0.233203125 0.09675595238095237 0.064296875
1.0 0.8028273809523809 0.2740234375 0.10511904761904763 0.07
1.0 0.9291071428571429 0.4119140625 0.14208333333333334 0.096484375
1.0 0.9145535714285715 0.91765625 0.17309523809523808 0.1428515625
1.0 0.8494345238095239 0.731484375 0.2081547619047619 0.115546875
1.0 0.5358333333333333 0.828671875 0.22035714285714286 0.1276171875
