1.0 0.2113690476190476 0.238828125 0.09726190476190476 0.0602734375
1.0 0.18511904761904763 0.277734375 0.11520833333333333 0.0653125
1.0 0.24657738095238094 0.418984375 0.140625 0.09515625
1.0 0.5127678571428571 0.3616015625 0.1469940476190476 0.09421875
1.0 0.7618750000000001 0.506796875 0.19074404761904762 0.088671875
1.0 0.8046428571428572 0.243125 0.11467261904761905 0.0630859375
1.0 0.9326488095238096 0.4215625 0.12738095238095237 0.086796875
1.0 0.9315476190476191 0.329921875 0.13473214285714286 0.0900390625
1.0 0.902172619047619 0.2938671875 0.10979166666666666 0.06109375
1.0 0.5366964285714286 0.9286328125 0.2145238095238095 0.1226953125
