1.0 0.13955357142857144 0.241484375 0.09526785714285714 0.0602734375
1.0 0.09645833333333333 0.2798828125 0.10839285714285715 0.0675390625
1.0 0.1506547619047619 0.4199609375 0.13842261904761904 0.0932421875
1.0 0.40875 0.361953125 0.1469940476190476 0.093515625
1.0 0.6097023809523809 0.5053515625 0.19 0.085390625
1.0 0.7260714285714286 0.2434375 0.11380952380952382 0.0626953125
1.0 0.827202380952381 0.4176953125 0.1325297619047619 0.08296875
1.0 0.8574404761904763 0.323515625 0.13842261904761904 0.086796875
1.0 0.8167559523809524 0.2956640625 0.10886904761904762 0.06109375
1.0 0.7273511904761905 0.927578125 0.20711309523809524 0.1205078125
