1.0 0.1275892857142857 0.2419140625 0.09494047619047619 0.0602734375
1.0 0.08297619047619047 0.2805078125 0.10839285714285715 0.0675390625
1.0 0.1362797619047619 0.41984375 0.13595238095238096 0.0932421875
1.0 0.39142857142857146 0.36203125 0.1469940476190476 0.093359375
1.0 0.584375 0.5049609375 0.18973214285714285 0.0850390625
1.0 0.7124404761904761 0.2429296875 0.11366071428571428 0.0626953125
1.0 0.8096130952380951 0.4170703125 0.13339285714285715 0.0823046875
1.0 0.8442559523809524 0.32359375 0.13815476190476192 0.0869921875
1.0 0.8025 0.2959765625 0.10872023809523809 0.06109375
1.0 0.7591071428571429 0.9273828125 0.20589285714285716 0.12015625
