1.0 0.09636904761904763 0.253046875 0.10202380952380953 0.0659375
1.0 0.04964285714285714 0.423984375 0.08788690476190476 0.0787890625
1.0 0.2563392857142857 0.3319140625 0.13595238095238096 0.0884375
1.0 0.1931845238095238 0.2987109375 0.1175892857142857 0.0626953125
1.0 0.24681547619047622 0.4594921875 0.1812797619047619 0.102890625
1.0 0.6686011904761905 0.295625 0.13148809523809524 0.06859375
1.0 0.7663690476190477 0.2366015625 0.11035714285714285 0.06703125
1.0 0.8145238095238095 0.3728515625 0.13315476190476191 0.08359375
1.0 0.9369345238095238 0.33875 0.12372023809523809 0.0851953125
1.0 0.690625 0.735 0.23910714285714288 0.1381640625
