1.0 0.08285714285714285 0.2535546875 0.10107142857142858 0.0659375
1.0 0.040595238095238094 0.423984375 0.07532738095238095 0.0787890625
1.0 0.2436309523809524 0.3325 0.13595238095238096 0.0884375
1.0 0.1805654761904762 0.29859375 0.1175892857142857 0.0626953125
1.0 0.22476190476190475 0.46078125 0.1812797619047619 0.102890625
1.0 0.6551785714285714 0.295546875 0.13199404761904762 0.06875
1.0 0.7532142857142857 0.2365234375 0.11047619047619046 0.0665625
1.0 0.7996130952380953 0.3726953125 0.1342559523809524 0.08359375
1.0 0.9251488095238096 0.338515625 0.12372023809523809 0.0849609375
1.0 0.7279166666666667 0.73453125 0.2380357142857143 0.1391015625
