1.0 0.059583333333333335 0.25515625 0.10107142857142858 0.0659375
1.0 0.21824404761904762 0.333671875 0.13595238095238096 0.0884375
1.0 0.15577380952380954 0.299296875 0.1175892857142857 0.0626953125
1.0 0.18068452380952382 0.463359375 0.1812797619047619 0.102890625
1.0 0.6283333333333333 0.2954296875 0.13300595238095236 0.068984375
1.0 0.7268749999999999 0.2363671875 0.11074404761904762 0.0655859375
1.0 0.7698809523809524 0.3723828125 0.13645833333333335 0.08359375
1.0 0.9191666666666666 0.5212109375 0.15922619047619047 0.0900390625
1.0 0.9016071428571428 0.338046875 0.12372023809523809 0.084453125
1.0 0.8025 0.73359375 0.23589285714285715 0.1409765625
