1.0 0.049791666666666665 0.254375 0.09494047619047619 0.0659375
1.0 0.19285714285714284 0.33484375 0.13595238095238096 0.0884375
1.0 0.13101190476190477 0.3 0.1175892857142857 0.0626953125
1.0 0.1393452380952381 0.4617578125 0.17946428571428572 0.102890625
1.0 0.6010416666666666 0.2953515625 0.13351190476190475 0.069140625
1.0 0.7005357142857143 0.2362109375 0.11098214285714285 0.0646484375
1.0 0.7401190476190477 0.37203125 0.1386607142857143 0.08359375
1.0 0.868452380952381 0.5208203125 0.16273809523809524 0.0854296875
1.0 0.8780357142857143 0.3375390625 0.12372023809523809 0.083984375
1.0 0.8770833333333333 0.73265625 0.23375 0.1428515625
