1.0 0.04235119047619048 0.254375 0.08002976190476191 0.0659375
1.0 0.18017857142857144 0.335390625 0.13595238095238096 0.0884375
1.0 0.11863095238095238 0.3003515625 0.1175892857142857 0.0626953125
1.0 0.11866071428571427 0.4609375 0.17854166666666668 0.102890625
1.0 0.587202380952381 0.2953515625 0.13351190476190475 0.069140625
1.0 0.6873809523809524 0.2361328125 0.11110119047619046 0.064140625
1.0 0.7252083333333333 0.371875 0.13976190476190475 0.08359375
1.0 0.8430654761904761 0.520546875 0.16449404761904762 0.083125
1.0 0.8662797619047619 0.337265625 0.12372023809523809 0.0837109375
1.0 0.8975892857142856 0.731875 0.1974702380952381 0.1428515625
