1.0 0.027440476190476192 0.254375 0.050238095238095234 0.0659375
1.0 0.15479166666666666 0.3365625 0.13595238095238096 0.0884375
1.0 0.09386904761904762 0.30109375 0.1175892857142857 0.0626953125
1.0 0.090625 0.46015625 0.17761904761904762 0.102890625
1.0 0.5594940476190476 0.2953515625 0.13351190476190475 0.069140625
1.0 0.6610416666666667 0.2359375 0.11133928571428571 0.063203125
1.0 0.6944047619047619 0.37109375 0.14169642857142856 0.0837890625
1.0 0.7923214285714286 0.520078125 0.16797619047619047 0.0785546875
1.0 0.8427083333333333 0.336796875 0.12372023809523809 0.0832421875
1.0 0.9386309523809524 0.7303125 0.12491071428571428 0.1428515625
