1.0 0.1920238095238095 0.302890625 0.11675595238095238 0.067890625
1.0 0.2965178571428571 0.237890625 0.11044642857142857 0.0626953125
1.0 0.27267857142857144 0.3703515625 0.1419047619047619 0.0863671875
1.0 0.08196428571428571 0.5172265625 0.153125 0.07234375
1.0 0.49973214285714285 0.3341796875 0.12372023809523809 0.0792578125
1.0 0.7197023809523809 0.3818359375 0.41892857142857143 0.1603125
1.0 0.7314583333333333 0.302578125 0.12678571428571428 0.07234375
1.0 0.9314285714285714 0.5051953125 0.13964285714285715 0.096484375
1.0 0.2761011904761905 0.7360546875 0.19125 0.110078125
1.0 0.8175595238095238 0.835703125 0.2199107142857143 0.1334765625
1.0 0.13 0.832890625 0.1819940476190476 0.117109375
