1.0 0.16526785714285713 0.30375 0.11485119047619048 0.06765625
1.0 0.26916666666666667 0.238671875 0.11002976190476191 0.0626953125
1.0 0.24196428571428572 0.3708203125 0.14035714285714285 0.0854296875
1.0 0.06315476190476191 0.5172265625 0.11556547619047619 0.07234375
1.0 0.47389880952380947 0.3339453125 0.12372023809523809 0.0787890625
1.0 0.6900595238095238 0.381328125 0.42880952380952386 0.1611328125
1.0 0.7046726190476191 0.3021875 0.12708333333333335 0.07234375
1.0 0.882202380952381 0.505 0.14110119047619046 0.0955078125
1.0 0.35297619047619044 0.737734375 0.1931845238095238 0.110078125
1.0 0.8744940476190476 0.835703125 0.20416666666666666 0.1334765625
1.0 0.1917261904761905 0.834296875 0.1855654761904762 0.117109375
