1.0 0.151875 0.30421875 0.11392857142857143 0.0675390625
1.0 0.25547619047619047 0.2391015625 0.10982142857142857 0.0626953125
1.0 0.2266369047619048 0.3710546875 0.13955357142857144 0.085
1.0 0.05377976190476191 0.5172265625 0.09675595238095237 0.07234375
1.0 0.46092261904761905 0.3339453125 0.12357142857142858 0.0784375
1.0 0.6747023809523809 0.38453125 0.43255952380952384 0.1550390625
1.0 0.6912797619047619 0.3019921875 0.12723214285714285 0.07234375
1.0 0.8575595238095237 0.504921875 0.14184523809523808 0.095
1.0 0.39142857142857146 0.73859375 0.19416666666666665 0.110078125
1.0 0.9029464285714285 0.835703125 0.1962797619047619 0.1334765625
1.0 0.22258928571428574 0.835 0.18735119047619048 0.117109375
