1.0 0.05633928571428572 0.307421875 0.10901785714285715 0.0675390625
1.0 0.15178571428571427 0.242109375 0.10574404761904763 0.0626953125
1.0 0.10523809523809524 0.3733203125 0.13351190476190475 0.08359375
1.0 0.35693452380952384 0.3339453125 0.12249999999999998 0.075546875
1.0 0.5368452380952381 0.3880859375 0.4328869047619047 0.1500390625
1.0 0.5783928571428572 0.3006640625 0.1256845238095238 0.070078125
1.0 0.6594940476190476 0.504140625 0.1469940476190476 0.09203125
1.0 0.9035714285714287 0.3751953125 0.1325 0.079296875
1.0 0.699047619047619 0.7404296875 0.19806547619047618 0.11109375
1.0 0.47113095238095243 0.8403515625 0.1998511904761905 0.117890625
