1.0 0.05205357142857142 0.307421875 0.10044642857142858 0.0675390625
1.0 0.13952380952380952 0.2425 0.10494047619047618 0.0626953125
1.0 0.09205357142857143 0.3733203125 0.13166666666666668 0.08359375
1.0 0.3442559523809524 0.3339453125 0.12211309523809524 0.075546875
1.0 0.5225595238095239 0.3823046875 0.4387797619047619 0.1618359375
1.0 0.5641964285714286 0.3005078125 0.12541666666666668 0.069765625
1.0 0.6337797619047618 0.5039453125 0.1469940476190476 0.0924609375
1.0 0.8883928571428571 0.3753515625 0.13380952380952382 0.0787890625
1.0 0.7375 0.740078125 0.19806547619047618 0.1113671875
1.0 0.5028273809523809 0.8409375 0.20074404761904763 0.11828125
