1.0 0.058363095238095235 0.344375 0.10107142857142858 0.0739453125
1.0 0.1375297619047619 0.3078515625 0.10389880952380952 0.066953125
1.0 0.17258928571428572 0.3588671875 0.1800595238095238 0.118984375
1.0 0.4700297619047619 0.2603125 0.14669642857142856 0.084296875
1.0 0.7533333333333333 0.33609375 0.12592261904761906 0.065078125
1.0 0.8283333333333334 0.3765625 0.13258928571428572 0.072578125
1.0 0.9275 0.24375 0.10794642857142858 0.0573828125
1.0 0.650952380952381 0.4138671875 0.13729166666666667 0.07546875
1.0 0.6085416666666666 0.7466796875 0.20342261904761902 0.110078125
1.0 0.4421130952380953 0.914453125 0.2874404761904762 0.1569140625
