1.0 0.04964285714285714 0.344375 0.08973214285714286 0.0739453125
1.0 0.12470238095238095 0.3079296875 0.10345238095238095 0.0673828125
1.0 0.15860119047619048 0.3588671875 0.1786309523809524 0.118984375
1.0 0.45776785714285717 0.2604296875 0.14645833333333333 0.084296875
1.0 0.7389880952380953 0.336015625 0.12598214285714285 0.065390625
1.0 0.813422619047619 0.37640625 0.13279761904761905 0.072578125
1.0 0.9323809523809523 0.312265625 0.12848214285714285 0.0702734375
1.0 0.9138392857142857 0.2431640625 0.10735119047619048 0.0573828125
1.0 0.6336011904761905 0.4141015625 0.1386011904761905 0.076171875
1.0 0.6451190476190476 0.74609375 0.20282738095238098 0.1096875
1.0 0.47886904761904764 0.9155078125 0.28857142857142853 0.1569140625
