1.0 0.04092261904761905 0.344375 0.07839285714285714 0.0739453125
1.0 0.11190476190476191 0.3080078125 0.10300595238095238 0.0678125
1.0 0.14461309523809524 0.3588671875 0.17720238095238094 0.118984375
1.0 0.4455654761904762 0.260546875 0.1462202380952381 0.084296875
1.0 0.7246130952380953 0.3359375 0.12604166666666666 0.0657421875
1.0 0.7984821428571429 0.3762109375 0.13300595238095236 0.072578125
1.0 0.9192261904761905 0.311953125 0.1281845238095238 0.0701171875
1.0 0.9001488095238095 0.242578125 0.10675595238095237 0.0573828125
1.0 0.6161904761904762 0.414375 0.1399404761904762 0.0768359375
1.0 0.9332738095238095 0.27890625 0.123125 0.0691015625
1.0 0.6816964285714286 0.7455078125 0.20223214285714286 0.109296875
1.0 0.5155952380952381 0.9165625 0.289702380952381 0.1569140625
