1.0 0.09910714285714285 0.3080859375 0.10255952380952381 0.0682421875
1.0 0.1306547619047619 0.3588671875 0.17577380952380953 0.118984375
1.0 0.4333333333333333 0.2606640625 0.14598214285714284 0.084296875
1.0 0.7102380952380952 0.335859375 0.12610119047619048 0.06609375
1.0 0.7835714285714285 0.376015625 0.1332142857142857 0.072578125
1.0 0.9060416666666666 0.311640625 0.12788690476190476 0.0699609375
1.0 0.8864583333333333 0.2419921875 0.10616071428571429 0.0573828125
1.0 0.5985119047619047 0.413828125 0.14068452380952381 0.0759765625
1.0 0.9232440476190475 0.278359375 0.1225892857142857 0.0683984375
1.0 0.7182738095238095 0.744921875 0.20163690476190477 0.10890625
1.0 0.5523214285714286 0.9176171875 0.29083333333333333 0.1569140625
