1.0 0.07348214285714286 0.308203125 0.10166666666666666 0.069140625
1.0 0.10267857142857142 0.3588671875 0.17291666666666666 0.118984375
1.0 0.40886904761904763 0.2609375 0.14550595238095237 0.084296875
1.0 0.6814880952380952 0.3356640625 0.12625 0.0667578125
1.0 0.7537499999999999 0.3756640625 0.13363095238095238 0.072578125
1.0 0.879702380952381 0.311015625 0.12729166666666666 0.0696484375
1.0 0.859107142857143 0.2408203125 0.1049702380952381 0.0573828125
1.0 0.5631547619047619 0.4128125 0.14214285714285713 0.074296875
1.0 0.9030654761904762 0.277265625 0.12154761904761906 0.06703125
1.0 0.7914285714285715 0.74375 0.20044642857142855 0.108125
1.0 0.6279464285714286 0.91734375 0.28595238095238096 0.156328125
