1.0 0.0630654761904762 0.3094140625 0.09982142857142857 0.069140625
1.0 0.0886904761904762 0.3588671875 0.17148809523809522 0.118984375
1.0 0.3966369047619048 0.2610546875 0.14526785714285714 0.084296875
1.0 0.6671130952380953 0.3355859375 0.12630952380952382 0.0670703125
1.0 0.7388095238095238 0.3755078125 0.13380952380952382 0.072578125
1.0 0.8665178571428571 0.310703125 0.12699404761904762 0.0694921875
1.0 0.8454166666666667 0.240234375 0.104375 0.0573828125
1.0 0.5455059523809523 0.4123046875 0.14288690476190474 0.0734375
1.0 0.8929761904761906 0.2767578125 0.12104166666666667 0.0663671875
1.0 0.8280059523809523 0.7431640625 0.1998511904761905 0.107734375
1.0 0.6657738095238095 0.9171875 0.28348214285714285 0.156015625
