1.0 0.05267857142857143 0.310625 0.09800595238095237 0.069140625
1.0 0.08205357142857143 0.359140625 0.15904761904761905 0.1200390625
1.0 0.3844047619047619 0.261171875 0.1450595238095238 0.084296875
1.0 0.6527380952380952 0.3355078125 0.12636904761904763 0.067421875
1.0 0.7233035714285714 0.375390625 0.13380952380952382 0.072578125
1.0 0.8533333333333334 0.310390625 0.12669642857142857 0.0693359375
1.0 0.8312202380952382 0.239765625 0.104375 0.0573828125
1.0 0.527797619047619 0.411796875 0.1436309523809524 0.072578125
1.0 0.8829464285714286 0.2762109375 0.12050595238095238 0.0656640625
1.0 0.8636904761904761 0.7431640625 0.19806547619047618 0.107734375
1.0 0.7035416666666666 0.91703125 0.2810416666666667 0.1557421875
