1.0 0.048869047619047624 0.36046875 0.09675595238095237 0.125390625
1.0 0.3232440476190476 0.261796875 0.14386904761904762 0.084296875
1.0 0.5808928571428572 0.335078125 0.12669642857142857 0.0691015625
1.0 0.6458630952380953 0.37484375 0.13380952380952382 0.072578125
1.0 0.787470238095238 0.308828125 0.12520833333333334 0.0685546875
1.0 0.7602380952380953 0.2373046875 0.104375 0.0573828125
1.0 0.4361904761904762 0.4127734375 0.14029761904761906 0.072578125
1.0 0.8325595238095238 0.273515625 0.11791666666666666 0.062265625
1.0 0.9013690476190477 0.4659765625 0.1512202380952381 0.0895703125
1.0 0.8770833333333333 0.9141015625 0.24089285714285713 0.1545703125
