1.0 0.07547619047619047 0.2689453125 0.129375 0.081953125
1.0 0.2780059523809524 0.337421875 0.12848214285714285 0.0737890625
1.0 0.3230654761904762 0.3743359375 0.13202380952380952 0.072578125
1.0 0.5063690476190476 0.305234375 0.123125 0.0679296875
1.0 0.45907738095238093 0.2391796875 0.10380952380952382 0.0573828125
1.0 0.06431547619047619 0.416484375 0.123125 0.072578125
1.0 0.6145238095238095 0.271328125 0.11770833333333333 0.0608984375
1.0 0.3917261904761905 0.463828125 0.16080357142857143 0.0914453125
1.0 0.9000595238095238 0.3417578125 0.11681547619047619 0.071796875
1.0 0.10267857142857142 0.91296875 0.19806547619047618 0.1334765625
1.0 0.09645833333333333 0.7384765625 0.1855654761904762 0.107734375
