1.0 0.0687202380952381 0.269140625 0.11880952380952381 0.081953125
1.0 0.2635119047619048 0.337421875 0.12788690476190476 0.0737890625
1.0 0.3082440476190476 0.3743359375 0.13148809523809524 0.072578125
1.0 0.49255952380952384 0.3050390625 0.12297619047619048 0.0679296875
1.0 0.44476190476190475 0.239296875 0.10324404761904761 0.0573828125
1.0 0.056309523809523816 0.416484375 0.10705357142857143 0.072578125
1.0 0.604077380952381 0.2712890625 0.11776785714285715 0.0608984375
1.0 0.36714285714285716 0.463828125 0.16104166666666667 0.0915234375
1.0 0.8875297619047618 0.3414453125 0.11708333333333334 0.0715234375
1.0 0.1375 0.914609375 0.20127976190476188 0.1339453125
1.0 0.13187500000000002 0.738828125 0.18717261904761906 0.1084375
