1.0 0.061964285714285715 0.2693359375 0.10824404761904761 0.081953125
1.0 0.24901785714285715 0.337421875 0.12729166666666666 0.0737890625
1.0 0.2934523809523809 0.3743359375 0.13098214285714285 0.072578125
1.0 0.47872023809523806 0.30484375 0.12282738095238097 0.0679296875
1.0 0.43044642857142856 0.239375 0.10267857142857142 0.0573828125
1.0 0.04827380952380952 0.416484375 0.09101190476190475 0.072578125
1.0 0.5929761904761905 0.2711328125 0.11776785714285715 0.0608984375
1.0 0.3425595238095238 0.46375 0.16125 0.091640625
1.0 0.8749702380952381 0.3411328125 0.11735119047619047 0.07125
1.0 0.17229166666666668 0.91625 0.2044940476190476 0.1344140625
1.0 0.16729166666666667 0.7391796875 0.1887797619047619 0.109140625
