0.0 0.17535714285714285 0.51921875 0.05139880952380952 0.1469140625
0.0 0.4427380952380952 0.939921875 0.09285714285714286 0.1298046875
0.0 0.9869642857142857 0.4105078125 0.03083333333333333 0.101953125
0.0 0.9477976190476189 0.4691796875 0.03922619047619048 0.1296484375
0.0 0.8151785714285713 0.30921875 0.016696428571428574 0.0613671875
0.0 0.8268749999999999 0.308359375 0.018988095238095238 0.0655859375
1.0 0.9125595238095239 0.4133203125 0.1093452380952381 0.1273046875
1.0 0.6744940476190476 0.6458984375 0.24386904761904762 0.2141015625
1.0 0.8505059523809523 0.4728125 0.13711309523809523 0.1213671875
1.0 0.9509821428571428 0.361640625 0.08800595238095238 0.121484375
