0.0 0.16919642857142858 0.51484375 0.05255952380952381 0.1469140625
0.0 0.40342261904761906 0.9433984375 0.09482142857142857 0.1246484375
0.0 0.970952380952381 0.415 0.03083333333333333 0.101953125
0.0 0.9277678571428571 0.47703125 0.03764880952380952 0.1296484375
0.0 0.7954761904761904 0.310625 0.016696428571428574 0.0613671875
0.0 0.8069345238095238 0.3102734375 0.018988095238095238 0.0655859375
1.0 0.8927976190476191 0.4153125 0.10821428571428571 0.1264453125
1.0 0.6536607142857143 0.6472265625 0.2448809523809524 0.21140625
1.0 0.8292857142857143 0.4775390625 0.13854166666666665 0.1232421875
1.0 0.9367261904761905 0.3672265625 0.08705357142857142 0.1189453125
