0.0 0.1662202380952381 0.51546875 0.054821428571428577 0.1469140625
0.0 0.38547619047619053 0.94765625 0.09482142857142857 0.11609375
0.0 0.9595535714285715 0.4209765625 0.03083333333333333 0.101953125
0.0 0.9190178571428572 0.480703125 0.03764880952380952 0.1296484375
0.0 0.7850892857142858 0.3123828125 0.016696428571428574 0.0613671875
0.0 0.7976190476190477 0.3125 0.018988095238095238 0.0655859375
1.0 0.8832440476190475 0.41765625 0.10821428571428571 0.125859375
1.0 0.645327380952381 0.6477734375 0.24526785714285712 0.2103515625
1.0 0.8207738095238094 0.479375 0.13910714285714287 0.1240234375
1.0 0.9285416666666667 0.3701171875 0.08898809523809523 0.1189453125
