0 0.25234375 0.52978515625 0.075 0.2099609375
0 0.277734375 0.76318359375 0.06328125 0.2373046875
0 0.332421875 0.75341796875 0.08046875 0.1923828125
0 0.34453125 0.486328125 0.05 0.232421875
0 0.465234375 0.4208984375 0.06484375 0.21484375
0 0.698828125 0.20703125 0.06484375 0.234375
0 0.748828125 0.17333984375 0.03828125 0.2509765625
0 0.8125 0.10986328125 0.0578125 0.2099609375
0 0.829296875 0.18798828125 0.03515625 0.1728515625
0 0.872265625 0.24609375 0.06015625 0.185546875
0 0.888671875 0.1591796875 0.03671875 0.115234375
0 0.92421875 0.267578125 0.0546875 0.2578125
