0 0.15078125 0.5126953125 0.0796875 0.220703125
0 0.222265625 0.47119140625 0.06015625 0.2373046875
0 0.45546875 0.43212890625 0.0640625 0.2080078125
0 0.270703125 0.7646484375 0.06796875 0.26953125
0 0.340625 0.75341796875 0.065625 0.2470703125
0 0.698828125 0.25048828125 0.05234375 0.2490234375
0 0.6734375 0.1474609375 0.0609375 0.1171875
0 0.846484375 0.1630859375 0.04296875 0.16796875
0 0.879296875 0.22705078125 0.04296875 0.2080078125
0 0.927734375 0.2255859375 0.06796875 0.220703125
0 0.896875 0.095703125 0.0328125 0.060546875
0 0.856640625 0.04736328125 0.06328125 0.0888671875
