0 0.1984375 0.431640625 0.046875 0.236328125
0 0.245703125 0.44384765625 0.05390625 0.2470703125
0 0.527734375 0.6640625 0.09140625 0.201171875
0 0.891015625 0.4951171875 0.07578125 0.23828125
0 0.56484375 0.40771484375 0.0609375 0.2255859375
0 0.516796875 0.40966796875 0.06484375 0.2412109375
0 0.422265625 0.35595703125 0.05234375 0.2158203125
0 0.360546875 0.3818359375 0.06484375 0.23046875
0 0.223828125 0.92041015625 0.11015625 0.1494140625
0 0.374609375 0.06298828125 0.05703125 0.1240234375
