0 0.190625 0.31396484375 0.084375 0.1962890625
0 0.323046875 0.40478515625 0.08359375 0.1767578125
0 0.69375 0.51025390625 0.096875 0.1884765625
0 0.804296875 0.662109375 0.09453125 0.21484375
0 0.976953125 0.66162109375 0.04609375 0.1572265625
0 0.47421875 0.77734375 0.0796875 0.23046875
0 0.5484375 0.814453125 0.0734375 0.248046875
0 0.620703125 0.8193359375 0.07265625 0.2578125
0 0.673828125 0.857421875 0.07265625 0.279296875
0 0.828515625 0.8212890625 0.11640625 0.25
0 0.806640625 0.8955078125 0.05703125 0.20703125
0 0.928125 0.93212890625 0.0859375 0.1357421875
