0 0.034375 0.7138671875 0.059375 0.25
0 0.103515625 0.69482421875 0.06484375 0.2880859375
0 0.17734375 0.72314453125 0.0671875 0.2607421875
0 0.275390625 0.82177734375 0.06796875 0.2548828125
0 0.35625 0.84228515625 0.071875 0.2841796875
0 0.512890625 0.86767578125 0.08828125 0.2568359375
0 0.681640625 0.89794921875 0.07578125 0.1416015625
0 0.87109375 0.951171875 0.0859375 0.09765625
0 0.9484375 0.93701171875 0.0375 0.1259765625
0 0.473046875 0.25927734375 0.03359375 0.1123046875
0 0.584375 0.2861328125 0.0671875 0.185546875
0 0.65078125 0.2685546875 0.0484375 0.18359375
