0 0.037890625 0.70556640625 0.06640625 0.2412109375
0 0.108984375 0.69091796875 0.04765625 0.2626953125
0 0.165625 0.72607421875 0.06875 0.2509765625
0 0.287109375 0.8359375 0.07265625 0.27734375
0 0.353515625 0.84765625 0.06953125 0.296875
0 0.499609375 0.826171875 0.06640625 0.216796875
0 0.6421875 0.90087890625 0.053125 0.0712890625
0 0.8171875 0.9345703125 0.06875 0.130859375
0 0.88984375 0.9580078125 0.053125 0.083984375
0 0.65859375 0.33740234375 0.0609375 0.1904296875
0 0.780859375 0.345703125 0.05703125 0.201171875
0 0.84140625 0.31494140625 0.0640625 0.2099609375
