0 0.033203125 0.71484375 0.04921875 0.23828125
0 0.0578125 0.84619140625 0.0 0.0068359375
0 0.092578125 0.72705078125 0.08359375 0.3330078125
0 0.176171875 0.76220703125 0.08046875 0.3427734375
0 0.280078125 0.8154296875 0.04609375 0.244140625
0 0.3515625 0.8115234375 0.0765625 0.29296875
0 0.525390625 0.85986328125 0.11484375 0.2626953125
0 0.655859375 0.90771484375 0.06015625 0.1416015625
0 0.772265625 0.94189453125 0.08671875 0.1162109375
0 0.882421875 0.9599609375 0.08984375 0.080078125
0 0.972265625 0.5908203125 0.05546875 0.25390625
0 0.434765625 0.23779296875 0.06953125 0.2080078125
