0 0.031640625 0.72900390625 0.04609375 0.2724609375
0 0.090625 0.703125 0.059375 0.30078125
0 0.166796875 0.7216796875 0.07109375 0.28125
0 0.28515625 0.81884765625 0.0578125 0.2666015625
0 0.35390625 0.82861328125 0.0625 0.2451171875
0 0.524609375 0.841796875 0.08515625 0.208984375
0 0.656640625 0.90283203125 0.04609375 0.0791015625
0 0.845703125 0.9453125 0.05234375 0.109375
0 0.90078125 0.966796875 0.0515625 0.06640625
0 0.785546875 0.35986328125 0.07265625 0.2021484375
0 0.875390625 0.3623046875 0.04765625 0.201171875
0 0.940234375 0.35009765625 0.06015625 0.2080078125
