0 0.034375 0.73095703125 0.065625 0.2783203125
0 0.099609375 0.6796875 0.07265625 0.25
0 0.165234375 0.7451171875 0.04765625 0.28515625
0 0.281640625 0.81201171875 0.06796875 0.2431640625
0 0.349609375 0.8505859375 0.05390625 0.298828125
0 0.53984375 0.85888671875 0.0703125 0.2509765625
0 0.655859375 0.65185546875 0.07109375 0.2216796875
0 0.799609375 0.8671875 0.05703125 0.1328125
0 0.901171875 0.96484375 0.04765625 0.0703125
0 0.2484375 0.1806640625 0.0359375 0.216796875
0 0.335546875 0.2412109375 0.06796875 0.255859375
0 0.3984375 0.1904296875 0.0546875 0.216796875
