0 0.035546875 0.72607421875 0.05703125 0.2431640625
0 0.106640625 0.69580078125 0.05078125 0.2763671875
0 0.18125 0.71826171875 0.0828125 0.2646484375
0 0.284765625 0.80517578125 0.05546875 0.2197265625
0 0.351953125 0.8330078125 0.07109375 0.259765625
0 0.528515625 0.865234375 0.08984375 0.26171875
0 0.652734375 0.90771484375 0.06171875 0.1064453125
0 0.816015625 0.94287109375 0.11171875 0.1142578125
0 0.903125 0.9619140625 0.053125 0.076171875
0 0.88359375 0.40869140625 0.071875 0.2451171875
0 0.97578125 0.38671875 0.0421875 0.185546875
0 0.984765625 0.58642578125 0.03046875 0.2001953125
