0 0.03203125 0.7353515625 0.0625 0.283203125
0 0.098828125 0.68505859375 0.08046875 0.2685546875
0 0.174609375 0.72021484375 0.05234375 0.2763671875
0 0.27890625 0.82080078125 0.06875 0.2724609375
0 0.34921875 0.84326171875 0.0609375 0.3134765625
0 0.53046875 0.849609375 0.0828125 0.251953125
0 0.64765625 0.8916015625 0.046875 0.111328125
0 0.7984375 0.93798828125 0.0765625 0.1240234375
0 0.879296875 0.95703125 0.06484375 0.0859375
0 0.977734375 0.58251953125 0.04453125 0.2431640625
0 0.96328125 0.3828125 0.0734375 0.1796875
