0 0.03046875 0.7470703125 0.053125 0.291015625
0 0.090234375 0.7177734375 0.06171875 0.287109375
0 0.181640625 0.72802734375 0.08046875 0.2880859375
0 0.28203125 0.8173828125 0.06875 0.27734375
0 0.352734375 0.85009765625 0.07109375 0.2978515625
0 0.523046875 0.8681640625 0.11015625 0.263671875
0 0.661328125 0.91162109375 0.05703125 0.1240234375
0 0.79765625 0.94091796875 0.0875 0.1181640625
0 0.88125 0.9599609375 0.0765625 0.080078125
0 0.976171875 0.57666015625 0.04765625 0.2783203125
0 0.540625 0.25 0.040625 0.21484375
0 0.57890625 0.23388671875 0.05 0.2333984375
