0 0.030859375 0.73193359375 0.04765625 0.2724609375
0 0.083203125 0.68798828125 0.06171875 0.2900390625
0 0.1796875 0.72509765625 0.0828125 0.2685546875
0 0.28203125 0.8154296875 0.0546875 0.267578125
0 0.355078125 0.83740234375 0.05703125 0.2685546875
0 0.516015625 0.82958984375 0.10703125 0.2509765625
0 0.72265625 0.87939453125 0.075 0.1572265625
0 0.884765625 0.955078125 0.09921875 0.08984375
0 0.3953125 0.22412109375 0.065625 0.2197265625
0 0.500390625 0.24853515625 0.05546875 0.1689453125
0 0.57421875 0.23779296875 0.06875 0.2119140625
