0 0.036328125 0.734375 0.07109375 0.294921875
0 0.09765625 0.7158203125 0.05 0.302734375
0 0.18125 0.720703125 0.090625 0.27734375
0 0.2765625 0.81591796875 0.0578125 0.2626953125
0 0.360546875 0.8544921875 0.08359375 0.291015625
0 0.53125 0.86865234375 0.0796875 0.2626953125
0 0.65078125 0.91650390625 0.071875 0.1611328125
0 0.77890625 0.93798828125 0.103125 0.1240234375
0 0.877734375 0.9619140625 0.06484375 0.076171875
0 0.9765625 0.564453125 0.046875 0.22265625
0 0.703515625 0.29052734375 0.07890625 0.2314453125
0 0.763671875 0.30029296875 0.04765625 0.2490234375
